0.573233
0.53428
0.43589
0.534355
0.59371
0.528955
0.550657
0.591847
0.559455
0.618571
0.519223
0.562826
0.578943
0.587085
0.623392
0.605233
0.560862
0.517398
0.598549
0.580065
0.545155
0.564004
0.57116
0.484071
0.611865
0.61819
0.664849
0.446554
0.595839
0.541384
0.573559
0.496129
0.530515
0.611175
0.630849
0.58942
0.518315
0.710424
0.621793
0.599464
0.609554
0.667969
0.640086
0.521313
0.643704
0.618647
0.668196
0.418483
0.588429
0.460273
0.519237
0.579997
0.595969
0.617325
0.565965
0.592394
0.601052
0.677601
0.505011
0.614552
0.532419
0.661872
0.482478
0.58192
0.596829
0.541756
0.544014
0.590407
0.578902
0.541652
0.591189
0.661384
0.645334
0.555464
0.451317
0.588827
0.566738
0.608238
0.558685
0.666219
0.501901
0.603855
0.535616
0.640341
0.52647
0.61335
0.546713
0.713641
0.507357
0.593848
0.718272
0.633109
0.624767
0.559851
0.586286
0.537656
0.631519
0.592701
0.633351
0.620998
0.53428
0.64055
0.457727
0.574656
0.680275
0.572721
0.628418
0.701332
0.575236
0.624149
0.537158
0.579711
0.583666
0.621079
0.697147
0.578561
0.606355
0.533897
0.67364
0.536657
0.572782
0.564608
0.661344
0.524342
0.560659
0.634262
0.677466
0.516922
0.624981
0.525864
0.599225
0.550222
0.574181
0.584901
0.677632
0.617263
0.548816
0.703828
0.620072
0.601655
0.616035
0.663947
0.613879
0.529003
0.63443
0.705091
0.659848
0.471647
0.608005
0.552152
0.537743
0.653318
0.645399
0.696821
0.558772
0.62485
0.638297
0.733597
0.552767
0.639813
0.523483
0.658198
0.523648
0.599543
0.611374
0.629182
0.602338
0.660725
0.574138
0.558844
0.608213
0.662541
0.66862
0.632957
0.526094
0.641154
0.620845
0.630857
0.626997
0.701533
0.505981
0.659475
0.521374
0.671216
0.520656
0.626153
0.591089
0.762901
0.615451
0.591287
0.657402
0.647592
0.620351
0.58409
0.600565
0.568299
0.631922
0.612589
0.679764
0.654942
0.43589
0.457727
0.33238
0.465555
0.543908
0.40975
0.475091
0.539122
0.457512
0.475829
0.391335
0.498372
0.464338
0.456486
0.532228
0.488033
0.450444
0.42725
0.451185
0.43668
0.484772
0.477539
0.482563
0.420184
0.437087
0.562374
0.568488
0.37557
0.470454
0.437362
0.509993
0.396576
0.403815
0.465224
0.524294
0.5359
0.445114
0.591532
0.506009
0.489679
0.471428
0.530073
0.522181
0.429862
0.509149
0.584407
0.58881
0.346905
0.433175
0.40785
0.458022
0.495828
0.515559
0.499914
0.389473
0.460374
0.429798
0.576994
0.444283
0.493762
0.442267
0.521976
0.374087
0.440248
0.443693
0.478332
0.49328
0.474708
0.438147
0.426582
0.431822
0.51237
0.516031
0.510062
0.372734
0.497504
0.499672
0.512764
0.427302
0.596109
0.352447
0.4565
0.408383
0.510863
0.458153
0.483135
0.43057
0.608361
0.476716
0.477595
0.591409
0.508556
0.528107
0.426068
0.477587
0.412231
0.517953
0.48934
0.529517
0.521703
0.534355
0.574656
0.465555
0.614189
0.651454
0.54021
0.566182
0.630971
0.552751
0.586344
0.530442
0.554324
0.62553
0.624422
0.681331
0.577504
0.542945
0.504528
0.637317
0.56419
0.570982
0.636313
0.616896
0.50648
0.593635
0.634544
0.650428
0.491576
0.574673
0.550248
0.608211
0.511167
0.56894
0.614706
0.639789
0.639769
0.535201
0.701276
0.583048
0.635356
0.654147
0.64557
0.657789
0.546453
0.646113
0.660714
0.67809
0.413674
0.633743
0.512161
0.54807
0.61509
0.589893
0.649593
0.531667
0.563011
0.614957
0.647271
0.576154
0.659242
0.532423
0.631269
0.513664
0.624316
0.583508
0.594475
0.636192
0.606612
0.552065
0.601669
0.589441
0.643874
0.667922
0.614159
0.493349
0.58685
0.61099
0.612907
0.598489
0.714658
0.481042
0.598213
0.540904
0.654554
0.522052
0.627148
0.593525
0.699974
0.582402
0.591649
0.694566
0.683569
0.648482
0.604584
0.564176
0.531306
0.657556
0.613546
0.701189
0.658914
0.59371
0.680275
0.543908
0.651454
0.824295
0.648707
0.693369
0.742047
0.669158
0.672705
0.642123
0.694745
0.699366
0.686913
0.734727
0.706849
0.678527
0.591986
0.728162
0.656798
0.667748
0.684697
0.738453
0.64516
0.663784
0.729156
0.769273
0.578527
0.693693
0.622494
0.672543
0.586099
0.620393
0.745893
0.691287
0.760953
0.595994
0.80943
0.703177
0.716233
0.732714
0.792633
0.730579
0.62958
0.764196
0.781161
0.799775
0.533044
0.684697
0.601257
0.639147
0.748794
0.689884
0.744492
0.644662
0.718184
0.7072
0.814315
0.654676
0.722557
0.603333
0.747014
0.557078
0.697579
0.688086
0.685409
0.694486
0.716329
0.676799
0.659585
0.703828
0.730981
0.754205
0.747496
0.60792
0.735646
0.679468
0.720975
0.710803
0.790364
0.570871
0.742045
0.65851
0.76879
0.572892
0.687838
0.71149
0.808005
0.679165
0.712937
0.800443
0.726633
0.753048
0.67474
0.671823
0.652324
0.714126
0.730595
0.740791
0.725524
0.528955
0.572721
0.40975
0.54021
0.648707
0.60673
0.620871
0.616081
0.60613
0.5826
0.533277
0.608268
0.596088
0.626096
0.659859
0.601842
0.604438
0.519037
0.656514
0.548353
0.559968
0.6242
0.598341
0.517012
0.609245
0.615329
0.676968
0.484294
0.602182
0.584087
0.583883
0.525411
0.565176
0.550465
0.680968
0.647154
0.57638
0.699902
0.632076
0.584965
0.642971
0.657602
0.596953
0.570513
0.685301
0.698737
0.687896
0.459767
0.615096
0.519269
0.550614
0.602786
0.585959
0.625513
0.58421
0.634675
0.570522
0.715504
0.583558
0.682472
0.520504
0.676685
0.505138
0.572557
0.600997
0.547532
0.65257
0.683376
0.566928
0.516037
0.651191
0.660745
0.652358
0.575715
0.512768
0.645713
0.553515
0.616879
0.562904
0.621022
0.476996
0.641992
0.523452
0.641547
0.500822
0.626876
0.535959
0.698333
0.602523
0.627331
0.712938
0.660701
0.640431
0.562623
0.566589
0.53035
0.602941
0.611323
0.664945
0.676589
0.550657
0.628418
0.475091
0.566182
0.693369
0.620871
0.662518
0.669919
0.570218
0.591891
0.519103
0.602618
0.629936
0.662479
0.72614
0.607525
0.627473
0.552513
0.643627
0.595856
0.581656
0.604482
0.631633
0.540866
0.61873
0.66312
0.720777
0.502383
0.650655
0.579127
0.633767
0.539504
0.580479
0.631616
0.72705
0.682441
0.578182
0.737376
0.622174
0.651664
0.670051
0.703983
0.666696
0.5502
0.691641
0.719558
0.709643
0.48224
0.613215
0.531191
0.60643
0.65369
0.619223
0.682952
0.571195
0.617094
0.623996
0.712394
0.528668
0.679791
0.542979
0.679574
0.503465
0.65413
0.649607
0.613112
0.644417
0.632161
0.580391
0.567405
0.635068
0.668401
0.67848
0.641898
0.547704
0.66126
0.596839
0.622881
0.627185
0.719727
0.51907
0.599807
0.554423
0.650255
0.573674
0.655039
0.600868
0.751351
0.618717
0.610511
0.767645
0.635278
0.657807
0.586708
0.584108
0.531898
0.604637
0.665436
0.699987
0.706761
0.591847
0.701332
0.539122
0.630971
0.742047
0.616081
0.669919
0.77634
0.677818
0.719761
0.57935
0.707221
0.687092
0.688412
0.73089
0.636003
0.638109
0.569972
0.693353
0.615646
0.628504
0.676596
0.714242
0.556792
0.623062
0.657076
0.792606
0.565712
0.665879
0.650443
0.674437
0.542279
0.609518
0.697609
0.751422
0.747007
0.575042
0.742917
0.688911
0.718768
0.727602
0.75347
0.708167
0.564421
0.744746
0.759662
0.758726
0.547293
0.704126
0.563596
0.63809
0.66994
0.708694
0.703821
0.610638
0.692411
0.642403
0.784886
0.670369
0.676264
0.603106
0.733176
0.604468
0.697585
0.668998
0.644396
0.703638
0.621026
0.632063
0.595434
0.668527
0.74899
0.690525
0.66833
0.606295
0.706906
0.649828
0.70844
0.636073
0.734057
0.588415
0.694748
0.612503
0.713615
0.567875
0.695461
0.657231
0.757082
0.663039
0.613762
0.805397
0.750807
0.703708
0.658935
0.660358
0.610513
0.704134
0.683691
0.761368
0.753771
0.559455
0.575236
0.457512
0.552751
0.669158
0.60613
0.570218
0.677818
0.615569
0.62605
0.492028
0.623528
0.561613
0.617411
0.630593
0.555299
0.600415
0.541258
0.636035
0.589672
0.624953
0.637745
0.590744
0.488391
0.589087
0.661995
0.680263
0.478012
0.622782
0.556688
0.586985
0.533691
0.5478
0.619007
0.665526
0.630769
0.559647
0.687809
0.636878
0.612586
0.634314
0.671676
0.641165
0.518917
0.659775
0.705913
0.716216
0.441056
0.572213
0.496848
0.553203
0.603567
0.617865
0.66019
0.586386
0.643485
0.625281
0.681949
0.564303
0.640117
0.529512
0.663746
0.549609
0.57047
0.612195
0.626717
0.620832
0.600631
0.574864
0.559254
0.614191
0.663584
0.635764
0.61636
0.54474
0.668688
0.648595
0.640892
0.583627
0.671924
0.467777
0.628376
0.519013
0.663361
0.524936
0.574833
0.594714
0.707603
0.611279
0.558743
0.728552
0.650444
0.641279
0.610895
0.557782
0.536343
0.64672
0.577236
0.69678
0.605284
0.618571
0.624149
0.475829
0.586344
0.672705
0.5826
0.591891
0.719761
0.62605
0.724138
0.587876
0.676107
0.668709
0.645208
0.703614
0.667169
0.637143
0.637091
0.665962
0.633683
0.564509
0.702405
0.716457
0.534575
0.585857
0.672929
0.698211
0.541097
0.635763
0.575753
0.633831
0.511489
0.598491
0.657449
0.674602
0.699719
0.567886
0.782262
0.657822
0.62836
0.692816
0.678991
0.685391
0.625693
0.663726
0.736786
0.736321
0.46984
0.653144
0.581755
0.605303
0.659791
0.662968
0.723829
0.605847
0.672
0.653559
0.713175
0.557018
0.648463
0.577177
0.66732
0.535
0.61243
0.624393
0.592562
0.683696
0.643665
0.662854
0.580938
0.632882
0.708073
0.69552
0.608379
0.53021
0.705374
0.664223
0.616899
0.614175
0.750842
0.532114
0.668244
0.583622
0.696895
0.53522
0.680532
0.651472
0.702068
0.607351
0.586606
0.80526
0.665554
0.715954
0.671272
0.660845
0.549578
0.69341
0.666569
0.7046
0.719709
0.519223
0.537158
0.391335
0.530442
0.642123
0.533277
0.519103
0.57935
0.492028
0.587876
0.550459
0.606148
0.532147
0.577312
0.647352
0.541559
0.514941
0.497687
0.660222
0.501028
0.542485
0.588248
0.586132
0.509498
0.566142
0.572201
0.595499
0.419794
0.541896
0.53558
0.557582
0.459172
0.516567
0.543148
0.627589
0.6109
0.485089
0.669432
0.583451
0.608133
0.618667
0.645488
0.560563
0.484802
0.616068
0.636107
0.631421
0.418479
0.586275
0.471694
0.54424
0.635684
0.591525
0.624602
0.494016
0.577424
0.522378
0.674533
0.528008
0.627442
0.493066
0.606307
0.426205
0.582203
0.575507
0.559416
0.593643
0.554618
0.516218
0.525885
0.563056
0.667938
0.584203
0.555185
0.477317
0.581999
0.582199
0.580383
0.559976
0.652276
0.452517
0.53184
0.539931
0.630643
0.455766
0.560531
0.542126
0.661681
0.57893
0.522393
0.681955
0.544328
0.618478
0.516954
0.533215
0.5405
0.555273
0.569629
0.606503
0.644094
0.562826
0.579711
0.498372
0.554324
0.694745
0.608268
0.602618
0.707221
0.623528
0.676107
0.606148
0.716269
0.641625
0.632504
0.691964
0.628709
0.634354
0.584346
0.693717
0.593628
0.637026
0.648623
0.652749
0.600212
0.59445
0.668233
0.747663
0.517253
0.614246
0.62329
0.622311
0.527627
0.611762
0.671258
0.719145
0.684482
0.555022
0.748891
0.662994
0.664206
0.686404
0.704598
0.692016
0.590938
0.701654
0.740426
0.713447
0.514494
0.669271
0.550119
0.628396
0.674588
0.688521
0.651867
0.589863
0.612414
0.589494
0.720619
0.611237
0.692222
0.547054
0.693098
0.541961
0.622713
0.59973
0.589425
0.686066
0.673914
0.603245
0.587391
0.65579
0.708468
0.707492
0.697069
0.517974
0.711749
0.656511
0.623336
0.658952
0.742306
0.542579
0.640221
0.530431
0.660051
0.591056
0.672386
0.61357
0.757535
0.622026
0.662263
0.761999
0.702388
0.668316
0.631802
0.58467
0.592043
0.651774
0.620553
0.749918
0.725584
0.578943
0.583666
0.464338
0.62553
0.699366
0.596088
0.629936
0.687092
0.561613
0.668709
0.532147
0.641625
0.657534
0.605175
0.736384
0.648759
0.595101
0.587682
0.649734
0.582491
0.63302
0.586334
0.628234
0.486373
0.601124
0.662115
0.702675
0.500235
0.655619
0.592758
0.641042
0.498486
0.57766
0.633945
0.689209
0.681986
0.53783
0.74834
0.624503
0.70723
0.69025
0.676019
0.649988
0.553839
0.644974
0.699288
0.689275
0.448401
0.640389
0.527201
0.572718
0.63604
0.644324
0.68467
0.537279
0.642814
0.610999
0.737416
0.576208
0.62769
0.55476
0.683403
0.531142
0.659176
0.615205
0.581869
0.651643
0.6527
0.615869
0.571905
0.591874
0.676677
0.663446
0.636158
0.581085
0.673375
0.612576
0.603821
0.615625
0.7511
0.544613
0.629021
0.551218
0.664486
0.508981
0.624292
0.607326
0.758713
0.603539
0.565753
0.69175
0.704137
0.63153
0.563752
0.610664
0.558557
0.683287
0.635787
0.680295
0.685847
0.587085
0.621079
0.456486
0.624422
0.686913
0.626096
0.662479
0.688412
0.617411
0.645208
0.577312
0.632504
0.605175
0.708518
0.73765
0.62097
0.603109
0.540637
0.696966
0.585078
0.634045
0.651849
0.656207
0.511065
0.636263
0.65972
0.726517
0.485891
0.674495
0.595187
0.618747
0.535487
0.596066
0.637327
0.648197
0.696736
0.544941
0.756759
0.661915
0.683812
0.688355
0.664312
0.648203
0.529315
0.691999
0.734472
0.753176
0.503291
0.632483
0.54464
0.585596
0.639497
0.677795
0.676387
0.538345
0.639303
0.651821
0.721217
0.556991
0.698479
0.52986
0.66526
0.567973
0.647013
0.627301
0.600728
0.656436
0.643802
0.647323
0.58435
0.658934
0.652818
0.699175
0.682446
0.52539
0.67102
0.627272
0.656512
0.595171
0.714599
0.513228
0.641209
0.561853
0.70625
0.549249
0.705284
0.634044
0.763323
0.666692
0.640532
0.751623
0.659785
0.714526
0.634134
0.590096
0.554437
0.679106
0.646123
0.732542
0.714632
0.623392
0.697147
0.532228
0.681331
0.734727
0.659859
0.72614
0.73089
0.630593
0.703614
0.647352
0.691964
0.736384
0.73765
0.845943
0.658846
0.63665
0.658643
0.725526
0.639323
0.6689
0.710065
0.696014
0.619886
0.690528
0.701798
0.798469
0.539303
0.698934
0.646521
0.703831
0.609836
0.642265
0.673601
0.754468
0.742591
0.607387
0.750975
0.67095
0.737093
0.735894
0.754996
0.771073
0.606588
0.70627
0.75337
0.790701
0.55267
0.693037
0.595908
0.630807
0.679544
0.719169
0.787109
0.618617
0.722314
0.701549
0.822216
0.641976
0.745292
0.645451
0.744383
0.607999
0.704923
0.661081
0.690337
0.72337
0.72497
0.672746
0.657043
0.730485
0.731613
0.774464
0.705506
0.611384
0.753012
0.66658
0.732589
0.666525
0.814899
0.520684
0.702255
0.640712
0.785229
0.616194
0.723179
0.63355
0.782891
0.671561
0.730365
0.836918
0.727659
0.776621
0.655954
0.72598
0.630142
0.693103
0.746896
0.769386
0.717112
0.605233
0.578561
0.488033
0.577504
0.706849
0.601842
0.607525
0.636003
0.555299
0.667169
0.541559
0.628709
0.648759
0.62097
0.658846
0.689655
0.568828
0.500131
0.661138
0.586347
0.61536
0.671404
0.658544
0.562843
0.598743
0.658462
0.690105
0.555577
0.619726
0.594661
0.626303
0.524354
0.580429
0.649526
0.647789
0.660732
0.545787
0.741396
0.584041
0.660107
0.637337
0.672872
0.657609
0.539523
0.650417
0.7459
0.688494
0.491952
0.673011
0.503544
0.571583
0.633197
0.66735
0.668761
0.528685
0.690894
0.635654
0.74554
0.543361
0.691732
0.539704
0.704986
0.529839
0.628426
0.603775
0.629467
0.65106
0.648964
0.57227
0.573942
0.631713
0.719898
0.672315
0.621195
0.523327
0.642643
0.620239
0.626849
0.616911
0.719214
0.495899
0.607494
0.565995
0.663763
0.540756
0.663242
0.637349
0.745179
0.63498
0.618809
0.784301
0.670531
0.646521
0.587707
0.586131
0.564915
0.606593
0.654503
0.699495
0.69781
0.560862
0.606355
0.450444
0.542945
0.678527
0.604438
0.627473
0.638109
0.600415
0.637143
0.514941
0.634354
0.595101
0.603109
0.63665
0.568828
0.633484
0.568062
0.617056
0.629658
0.585548
0.669882
0.651377
0.535391
0.616841
0.636016
0.660036
0.524853
0.577252
0.574559
0.587514
0.51997
0.573086
0.669306
0.607915
0.612749
0.565471
0.731498
0.602529
0.649989
0.657181
0.641032
0.636735
0.554989
0.63886
0.721421
0.710591
0.455812
0.648471
0.516541
0.523136
0.609421
0.672638
0.66359
0.549744
0.63878
0.596581
0.699186
0.582075
0.652043
0.534266
0.679396
0.531001
0.606736
0.572705
0.593601
0.615456
0.632907
0.564982
0.557649
0.59927
0.687871
0.632733
0.629952
0.546485
0.670972
0.638007
0.597755
0.60913
0.714141
0.510097
0.627806
0.514718
0.662867
0.515436
0.658622
0.503274
0.705385
0.600797
0.59532
0.709305
0.628724
0.64587
0.58933
0.569353
0.539223
0.649396
0.625134
0.644037
0.629403
0.517398
0.533897
0.42725
0.504528
0.591986
0.519037
0.552513
0.569972
0.541258
0.637091
0.497687
0.584346
0.587682
0.540637
0.658643
0.500131
0.568062
0.557093
0.610968
0.487316
0.536757
0.605577
0.585036
0.47961
0.55789
0.577827
0.666945
0.444317
0.571865
0.543472
0.570832
0.490162
0.524977
0.624272
0.564952
0.56578
0.468148
0.693179
0.57502
0.612208
0.601582
0.65249
0.544452
0.464236
0.626569
0.690796
0.68238
0.424998
0.622382
0.468027
0.515595
0.605994
0.592145
0.611486
0.518659
0.590595
0.559352
0.624156
0.519466
0.578685
0.491722
0.653151
0.478437
0.546974
0.525761
0.524007
0.615662
0.593386
0.550793
0.511625
0.554619
0.658922
0.561915
0.598023
0.491328
0.59352
0.571551
0.581499
0.580315
0.670894
0.456537
0.574488
0.5123
0.61319
0.463076
0.603537
0.554249
0.698051
0.598596
0.563821
0.681163
0.620871
0.617515
0.526778
0.556451
0.512901
0.60174
0.570374
0.590384
0.613814
0.598549
0.67364
0.451185
0.637317
0.728162
0.656514
0.643627
0.693353
0.636035
0.665962
0.660222
0.693717
0.649734
0.696966
0.725526
0.661138
0.617056
0.610968
0.758269
0.626302
0.669117
0.672365
0.66682
0.573361
0.680716
0.706303
0.72178
0.52049
0.673156
0.633293
0.656194
0.592819
0.601536
0.62272
0.691607
0.689204
0.638442
0.749571
0.629079
0.730978
0.658402
0.702842
0.700278
0.598704
0.730321
0.759164
0.732436
0.517535
0.65353
0.600834
0.634512
0.686282
0.654606
0.70212
0.580166
0.673681
0.63405
0.756571
0.598974
0.732389
0.58181
0.704346
0.529012
0.620643
0.665455
0.672705
0.65978
0.660403
0.623924
0.587662
0.646936
0.710008
0.714175
0.691986
0.659262
0.706169
0.704047
0.637092
0.647631
0.796444
0.528573
0.653944
0.604468
0.746107
0.595344
0.665017
0.610263
0.80244
0.645113
0.645947
0.761953
0.6863
0.704878
0.615034
0.632736
0.603626
0.662413
0.680671
0.701333
0.769402
0.580065
0.536657
0.43668
0.56419
0.656798
0.548353
0.595856
0.615646
0.589672
0.633683
0.501028
0.593628
0.582491
0.585078
0.639323
0.586347
0.629658
0.487316
0.626302
0.622502
0.573722
0.610211
0.637623
0.487443
0.605
0.663166
0.669468
0.474583
0.592179
0.527984
0.636044
0.503212
0.55818
0.576724
0.662909
0.66082
0.537127
0.734012
0.607994
0.625646
0.637434
0.690242
0.630374
0.554961
0.617142
0.734759
0.662114
0.448363
0.593616
0.472525
0.559354
0.627868
0.646444
0.652733
0.506658
0.647426
0.617787
0.656493
0.535248
0.615927
0.538143
0.680683
0.489744
0.589477
0.595511
0.606363
0.610757
0.578085
0.552857
0.577152
0.593145
0.653046
0.647248
0.609553
0.482317
0.590111
0.623663
0.625587
0.557062
0.687897
0.487019
0.656542
0.53419
0.655151
0.492596
0.592062
0.615447
0.745839
0.637106
0.605264
0.735533
0.644957
0.622624
0.578449
0.588083
0.534288
0.625391
0.596954
0.651796
0.664274
0.545155
0.572782
0.484772
0.570982
0.667748
0.559968
0.581656
0.628504
0.624953
0.564509
0.542485
0.637026
0.63302
0.634045
0.6689
0.61536
0.585548
0.536757
0.669117
0.573722
0.655065
0.671763
0.658381
0.549477
0.584284
0.660455
0.71081
0.517116
0.597918
0.530499
0.620168
0.481045
0.534848
0.608098
0.625949
0.602347
0.540599
0.709107
0.619439
0.635744
0.627298
0.681988
0.613601
0.560458
0.671967
0.67137
0.698139
0.45928
0.621505
0.5119
0.563446
0.639061
0.655987
0.686616
0.543307
0.592072
0.570647
0.745477
0.551463
0.657735
0.525846
0.704866
0.561852
0.622952
0.608158
0.596004
0.614651
0.631933
0.58352
0.593997
0.621706
0.723929
0.653344
0.634243
0.524754
0.589734
0.616048
0.641248
0.620984
0.701812
0.533105
0.634422
0.555606
0.653861
0.499557
0.668871
0.597394
0.700516
0.636814
0.571434
0.779019
0.694845
0.656109
0.59917
0.603012
0.555531
0.620524
0.614548
0.622241
0.694163
0.564004
0.564608
0.477539
0.636313
0.684697
0.6242
0.604482
0.676596
0.637745
0.702405
0.588248
0.648623
0.586334
0.651849
0.710065
0.671404
0.669882
0.605577
0.672365
0.610211
0.671763
0.693667
0.671095
0.536636
0.598891
0.6368
0.714571
0.517899
0.60452
0.571297
0.637472
0.547439
0.579488
0.63894
0.705374
0.734231
0.566806
0.767293
0.672451
0.672567
0.628404
0.701733
0.639285
0.606989
0.719266
0.758318
0.720929
0.513257
0.679538
0.58296
0.614991
0.649135
0.66743
0.708449
0.633005
0.64861
0.641877
0.745597
0.551445
0.682635
0.569083
0.709501
0.567982
0.627754
0.625218
0.606444
0.665175
0.668792
0.602199
0.575692
0.622849
0.710413
0.66749
0.630718
0.578376
0.668879
0.625603
0.677166
0.658065
0.710048
0.53947
0.687436
0.575394
0.704087
0.545878
0.639961
0.593012
0.762634
0.648766
0.582285
0.777354
0.657759
0.68553
0.60258
0.653326
0.62418
0.643476
0.6238
0.675931
0.689149
0.57116
0.661344
0.482563
0.616896
0.738453
0.598341
0.631633
0.714242
0.590744
0.716457
0.586132
0.652749
0.628234
0.656207
0.696014
0.658544
0.651377
0.585036
0.66682
0.637623
0.658381
0.671095
0.746535
0.549431
0.626317
0.681479
0.748641
0.519326
0.643889
0.601199
0.619709
0.602699
0.569941
0.682818
0.701274
0.645026
0.581967
0.771686
0.65661
0.656034
0.728626
0.715167
0.729327
0.565571
0.732707
0.749015
0.737483
0.44506
0.654963
0.533611
0.59348
0.685536
0.683945
0.730394
0.56611
0.671245
0.683309
0.772198
0.574225
0.716519
0.606693
0.711123
0.536823
0.669569
0.631953
0.635044
0.668397
0.63271
0.591151
0.610163
0.660897
0.709804
0.672541
0.650843
0.560463
0.65927
0.648857
0.673117
0.623878
0.710642
0.569593
0.709819
0.593343
0.727467
0.576146
0.652647
0.63348
0.789355
0.682549
0.626372
0.714722
0.716685
0.690523
0.690949
0.614819
0.604649
0.693144
0.655122
0.736081
0.720696
0.484071
0.524342
0.420184
0.50648
0.64516
0.517012
0.540866
0.556792
0.488391
0.534575
0.509498
0.600212
0.486373
0.511065
0.619886
0.562843
0.535391
0.47961
0.573361
0.487443
0.549477
0.536636
0.549431
0.488496
0.536358
0.558147
0.626567
0.466908
0.514035
0.487902
0.537706
0.409397
0.493912
0.554554
0.555149
0.572542
0.436847
0.649583
0.560348
0.558198
0.564806
0.606185
0.568854
0.43551
0.597035
0.623825
0.603242
0.29691
0.578393
0.469729
0.549283
0.52902
0.572347
0.633276
0.463389
0.529785
0.560732
0.645008
0.49549
0.593597
0.452635
0.576405
0.463159
0.548753
0.524274
0.50711
0.528938
0.505348
0.503265
0.521266
0.571446
0.617996
0.580265
0.581843
0.497485
0.544462
0.565409
0.540243
0.582269
0.63538
0.401722
0.543586
0.494359
0.580781
0.443446
0.597111
0.553396
0.639582
0.543472
0.5051
0.667506
0.579805
0.555795
0.519437
0.517729
0.489677
0.604135
0.531573
0.644021
0.574746
0.611865
0.560659
0.437087
0.593635
0.663784
0.609245
0.61873
0.623062
0.589087
0.585857
0.566142
0.59445
0.601124
0.636263
0.690528
0.598743
0.616841
0.55789
0.680716
0.605
0.584284
0.598891
0.626317
0.536358
0.662518
0.628807
0.725627
0.500308
0.599752
0.618155
0.660048
0.549256
0.56315
0.614605
0.693904
0.636604
0.584917
0.736269
0.664414
0.663415
0.661954
0.69774
0.662325
0.561223
0.659711
0.685823
0.688622
0.481277
0.604098
0.558724
0.534795
0.648262
0.671813
0.677323
0.567726
0.643694
0.623469
0.711942
0.565893
0.678001
0.542359
0.688578
0.555539
0.6313
0.601886
0.583175
0.671611
0.686437
0.606651
0.610847
0.638713
0.686894
0.694783
0.600696
0.525942
0.59108
0.59755
0.60964
0.62806
0.750806
0.50175
0.593672
0.550548
0.673805
0.51798
0.613811
0.602967
0.754966
0.632906
0.583792
0.738723
0.63863
0.683739
0.630364
0.603075
0.569617
0.648979
0.63575
0.713522
0.694912
0.61819
0.634262
0.562374
0.634544
0.729156
0.615329
0.66312
0.657076
0.661995
0.672929
0.572201
0.668233
0.662115
0.65972
0.701798
0.658462
0.636016
0.577827
0.706303
0.663166
0.660455
0.6368
0.681479
0.558147
0.628807
0.734426
0.719135
0.513426
0.652582
0.589545
0.66826
0.55606
0.619876
0.643453
0.712201
0.687396
0.585756
0.773407
0.660392
0.680079
0.674895
0.756973
0.691175
0.581989
0.726554
0.711776
0.71972
0.540258
0.642233
0.588189
0.613747
0.682461
0.674584
0.728766
0.609517
0.647522
0.647786
0.732958
0.595666
0.7285
0.585356
0.688377
0.595667
0.615559
0.610148
0.663684
0.650704
0.639084
0.580193
0.588545
0.661795
0.732011
0.697606
0.673066
0.570971
0.692619
0.685614
0.684234
0.614137
0.738463
0.519049
0.645387
0.602194
0.668709
0.577815
0.662772
0.643848
0.76112
0.670149
0.639178
0.775011
0.680969
0.71704
0.629986
0.617069
0.585536
0.683638
0.669187
0.739203
0.692823
0.664849
0.677466
0.568488
0.650428
0.769273
0.676968
0.720777
0.792606
0.680263
0.698211
0.595499
0.747663
0.702675
0.726517
0.798469
0.690105
0.660036
0.666945
0.72178
0.669468
0.71081
0.714571
0.748641
0.626567
0.725627
0.719135
0.831445
0.602207
0.698529
0.660128
0.676711
0.576313
0.649969
0.710035
0.710667
0.721714
0.663041
0.818861
0.737387
0.755636
0.758382
0.767094
0.7399
0.585558
0.758802
0.785313
0.78369
0.507684
0.701989
0.608359
0.626109
0.713946
0.706292
0.790476
0.655159
0.701779
0.739283
0.811195
0.624584
0.737876
0.655767
0.788194
0.614183
0.702847
0.741501
0.673329
0.715188
0.681835
0.676032
0.623218
0.742142
0.760698
0.728143
0.716921
0.632666
0.704177
0.701587
0.723015
0.658027
0.782525
0.566915
0.684746
0.629312
0.768686
0.614384
0.733827
0.666949
0.799822
0.734017
0.641336
0.815277
0.721444
0.761658
0.707054
0.687402
0.617865
0.739052
0.738827
0.78829
0.7295
0.446554
0.516922
0.37557
0.491576
0.578527
0.484294
0.502383
0.565712
0.478012
0.541097
0.419794
0.517253
0.500235
0.485891
0.539303
0.555577
0.524853
0.444317
0.52049
0.474583
0.517116
0.517899
0.519326
0.466908
0.500308
0.513426
0.602207
0.409756
0.509448
0.466452
0.523015
0.438786
0.485764
0.549286
0.555896
0.586396
0.440641
0.605293
0.508604
0.506986
0.547432
0.573161
0.547366
0.458263
0.53214
0.610067
0.625021
0.371059
0.454931
0.43756
0.455564
0.547686
0.509606
0.577967
0.46266
0.567063
0.511704
0.599434
0.465721
0.534241
0.426031
0.569487
0.398527
0.522374
0.516197
0.515313
0.520228
0.505738
0.477586
0.438829
0.546653
0.60098
0.58003
0.547891
0.454117
0.532118
0.538504
0.552819
0.529032
0.577588
0.422444
0.509728
0.450254
0.547294
0.406854
0.534806
0.500978
0.605491
0.503885
0.500583
0.669656
0.583867
0.579054
0.503043
0.501713
0.429493
0.560659
0.502876
0.613386
0.546225
0.595839
0.624981
0.470454
0.574673
0.693693
0.602182
0.650655
0.665879
0.622782
0.635763
0.541896
0.614246
0.655619
0.674495
0.698934
0.619726
0.577252
0.571865
0.673156
0.592179
0.597918
0.60452
0.643889
0.514035
0.599752
0.652582
0.698529
0.509448
0.670103
0.610542
0.66156
0.562165
0.591304
0.612367
0.653395
0.635997
0.553137
0.72626
0.660934
0.670954
0.642796
0.649467
0.603953
0.565647
0.695218
0.731748
0.724117
0.469372
0.666839
0.524822
0.590627
0.593772
0.66737
0.694962
0.576522
0.668458
0.6149
0.733605
0.561143
0.668724
0.5328
0.680147
0.532436
0.60791
0.626743
0.626108
0.649393
0.609395
0.603831
0.569644
0.6494
0.651974
0.639945
0.633544
0.491582
0.623733
0.613866
0.629507
0.600502
0.694568
0.541303
0.634044
0.582261
0.704672
0.558152
0.60746
0.625092
0.76096
0.587531
0.597549
0.767153
0.682399
0.674669
0.589011
0.5933
0.56611
0.677255
0.636257
0.689809
0.704131
0.541384
0.525864
0.437362
0.550248
0.622494
0.584087
0.579127
0.650443
0.556688
0.575753
0.53558
0.62329
0.592758
0.595187
0.646521
0.594661
0.574559
0.543472
0.633293
0.527984
0.530499
0.571297
0.601199
0.487902
0.618155
0.589545
0.660128
0.466452
0.610542
0.584354
0.599105
0.490989
0.509315
0.641111
0.619696
0.667376
0.530543
0.713786
0.601189
0.614857
0.635851
0.627735
0.554159
0.506494
0.669926
0.747378
0.661417
0.42995
0.643171
0.523421
0.52914
0.591984
0.605736
0.69642
0.539897
0.591659
0.589833
0.666581
0.536648
0.711165
0.528008
0.669518
0.517192
0.626962
0.551257
0.524421
0.649698
0.655432
0.590662
0.564841
0.630654
0.687414
0.655839
0.605865
0.548618
0.613446
0.549879
0.561428
0.59245
0.670851
0.466755
0.604257
0.544422
0.649573
0.472041
0.65549
0.561726
0.711199
0.569766
0.611548
0.685636
0.625822
0.611306
0.556893
0.622296
0.564844
0.620125
0.592478
0.69017
0.65158
0.573559
0.599225
0.509993
0.608211
0.672543
0.583883
0.633767
0.674437
0.586985
0.633831
0.557582
0.622311
0.641042
0.618747
0.703831
0.626303
0.587514
0.570832
0.656194
0.636044
0.620168
0.637472
0.619709
0.537706
0.660048
0.66826
0.676711
0.523015
0.66156
0.599105
0.700885
0.534567
0.607468
0.610374
0.699903
0.665111
0.603498
0.757904
0.65451
0.690671
0.677076
0.689748
0.664416
0.530293
0.694043
0.717833
0.733035
0.473317
0.669809
0.550596
0.551839
0.666486
0.637552
0.72213
0.612055
0.617162
0.651267
0.668501
0.597017
0.717845
0.554336
0.704933
0.564881
0.650899
0.618182
0.61227
0.696471
0.654535
0.604299
0.613522
0.583794
0.694094
0.672731
0.65834
0.558228
0.693727
0.633748
0.63738
0.669756
0.718793
0.523088
0.60019
0.546634
0.707147
0.556311
0.709613
0.672816
0.728058
0.653799
0.637546
0.750287
0.673933
0.660821
0.658043
0.608062
0.554616
0.664912
0.610149
0.70161
0.66714
0.496129
0.550222
0.396576
0.511167
0.586099
0.525411
0.539504
0.542279
0.533691
0.511489
0.459172
0.527627
0.498486
0.535487
0.609836
0.524354
0.51997
0.490162
0.592819
0.503212
0.481045
0.547439
0.602699
0.409397
0.549256
0.55606
0.576313
0.438786
0.562165
0.490989
0.534567
0.465183
0.469549
0.529394
0.511631
0.551886
0.463019
0.645846
0.606895
0.507515
0.537242
0.564623
0.559754
0.455412
0.562867
0.586788
0.658997
0.36781
0.508021
0.48094
0.538159
0.538049
0.55265
0.650515
0.498438
0.541826
0.522149
0.635675
0.493086
0.599191
0.474228
0.592011
0.455013
0.541728
0.535027
0.522165
0.556463
0.527855
0.470764
0.482961
0.556287
0.554472
0.604622
0.558365
0.474596
0.516534
0.471291
0.585672
0.545345
0.630601
0.429856
0.584883
0.51823
0.566821
0.438347
0.571348
0.516834
0.662915
0.532154
0.536038
0.637664
0.574433
0.59741
0.518543
0.523521
0.479425
0.534938
0.559501
0.608656
0.583686
0.530515
0.574181
0.403815
0.56894
0.620393
0.565176
0.580479
0.609518
0.5478
0.598491
0.516567
0.611762
0.57766
0.596066
0.642265
0.580429
0.573086
0.524977
0.601536
0.55818
0.534848
0.579488
0.569941
0.493912
0.56315
0.619876
0.649969
0.485764
0.591304
0.509315
0.607468
0.469549
0.558927
0.596811
0.637978
0.611876
0.48279
0.673856
0.620428
0.589637
0.604839
0.596692
0.623883
0.532093
0.630021
0.694285
0.631937
0.442038
0.619302
0.471876
0.506457
0.603228
0.566717
0.647904
0.532525
0.604777
0.54656
0.681995
0.528882
0.623097
0.539344
0.635763
0.481036
0.555318
0.591392
0.5243
0.592388
0.602144
0.536987
0.512293
0.577855
0.670257
0.605783
0.540497
0.505324
0.608907
0.569926
0.575955
0.544497
0.694703
0.477661
0.611852
0.51497
0.585807
0.506419
0.601521
0.521443
0.675315
0.537538
0.590607
0.697583
0.585489
0.618398
0.548055
0.552097
0.528861
0.606996
0.576181
0.650062
0.609548
0.611175
0.584901
0.465224
0.614706
0.745893
0.550465
0.631616
0.697609
0.619007
0.657449
0.543148
0.671258
0.633945
0.637327
0.673601
0.649526
0.669306
0.624272
0.62272
0.576724
0.608098
0.63894
0.682818
0.554554
0.614605
0.643453
0.710035
0.549286
0.612367
0.641111
0.610374
0.529394
0.596811
0.719066
0.640578
0.665072
0.583716
0.76206
0.623893
0.678249
0.722175
0.702664
0.670092
0.591729
0.69929
0.721412
0.704279
0.46413
0.680396
0.564675
0.645947
0.671184
0.735865
0.740531
0.517132
0.628081
0.62651
0.688037
0.615353
0.674732
0.618575
0.684944
0.56455
0.649904
0.640406
0.637085
0.645682
0.618458
0.605857
0.57729
0.667357
0.680052
0.711019
0.668685
0.538026
0.64207
0.622226
0.638369
0.636308
0.749671
0.547633
0.63809
0.578206
0.694679
0.509941
0.631274
0.595763
0.770661
0.62748
0.575294
0.781932
0.696496
0.702272
0.609485
0.625401
0.611116
0.744707
0.652542
0.67749
0.638126
0.630849
0.677632
0.524294
0.639789
0.691287
0.680968
0.72705
0.751422
0.665526
0.674602
0.627589
0.719145
0.689209
0.648197
0.754468
0.647789
0.607915
0.564952
0.691607
0.662909
0.625949
0.705374
0.701274
0.555149
0.693904
0.712201
0.710667
0.555896
0.653395
0.619696
0.699903
0.511631
0.637978
0.640578
0.791763
0.691677
0.618163
0.795726
0.700797
0.717875
0.716459
0.759034
0.685594
0.608357
0.720236
0.787482
0.761401
0.504628
0.695704
0.615983
0.629763
0.730297
0.666381
0.750886
0.65277
0.715712
0.710631
0.76313
0.591944
0.730036
0.592114
0.734373
0.578183
0.656981
0.697789
0.663469
0.692084
0.692612
0.663635
0.600269
0.716336
0.72286
0.694167
0.692082
0.601683
0.711138
0.676462
0.707862
0.661531
0.775653
0.533896
0.680941
0.625276
0.741586
0.585314
0.733934
0.662542
0.813201
0.670386
0.652664
0.77868
0.677282
0.718619
0.645499
0.704437
0.632192
0.711324
0.682828
0.749232
0.696164
0.58942
0.617263
0.5359
0.639769
0.760953
0.647154
0.682441
0.747007
0.630769
0.699719
0.6109
0.684482
0.681986
0.696736
0.742591
0.660732
0.612749
0.56578
0.689204
0.66082
0.602347
0.734231
0.645026
0.572542
0.636604
0.687396
0.721714
0.586396
0.635997
0.667376
0.665111
0.551886
0.611876
0.665072
0.691677
0.783607
0.605761
0.799632
0.715478
0.706826
0.662539
0.678831
0.705314
0.559677
0.722495
0.766441
0.715752
0.444217
0.645232
0.590829
0.628472
0.650281
0.738822
0.720004
0.633861
0.696067
0.693624
0.774684
0.573744
0.719039
0.555977
0.752553
0.533236
0.633355
0.656804
0.645684
0.696351
0.698408
0.681274
0.621244
0.614264
0.760408
0.71725
0.706784
0.598696
0.695587
0.632129
0.704841
0.656869
0.804929
0.562036
0.711282
0.623828
0.744346
0.537822
0.68284
0.610615
0.741535
0.708163
0.63586
0.779649
0.633766
0.724887
0.646533
0.72212
0.617117
0.661691
0.699215
0.726152
0.752232
0.518315
0.548816
0.445114
0.535201
0.595994
0.57638
0.578182
0.575042
0.559647
0.567886
0.485089
0.555022
0.53783
0.544941
0.607387
0.545787
0.565471
0.468148
0.638442
0.537127
0.540599
0.566806
0.581967
0.436847
0.584917
0.585756
0.663041
0.440641
0.553137
0.530543
0.603498
0.463019
0.48279
0.583716
0.618163
0.605761
0.554481
0.647922
0.603309
0.594247
0.581281
0.602862
0.638049
0.498182
0.58201
0.66931
0.641769
0.436014
0.610567
0.486296
0.495281
0.548407
0.537725
0.647948
0.544423
0.525625
0.59189
0.682602
0.540334
0.609976
0.501528
0.656905
0.497954
0.493585
0.56801
0.51324
0.574837
0.578285
0.486401
0.507817
0.573313
0.650564
0.58326
0.524577
0.482596
0.613022
0.509918
0.544822
0.541284
0.665984
0.409916
0.564736
0.506264
0.578552
0.452749
0.615948
0.562207
0.655666
0.52557
0.529519
0.711351
0.609884
0.626375
0.526035
0.553878
0.515455
0.562224
0.573307
0.585011
0.595329
0.710424
0.703828
0.591532
0.701276
0.80943
0.699902
0.737376
0.742917
0.687809
0.782262
0.669432
0.748891
0.74834
0.756759
0.750975
0.741396
0.731498
0.693179
0.749571
0.734012
0.709107
0.767293
0.771686
0.649583
0.736269
0.773407
0.818861
0.605293
0.72626
0.713786
0.757904
0.645846
0.673856
0.76206
0.795726
0.799632
0.647922
0.916455
0.738139
0.758493
0.777593
0.77273
0.780491
0.69609
0.785792
0.789607
0.828578
0.596093
0.686741
0.570036
0.677487
0.747056
0.716639
0.750207
0.666496
0.734272
0.691845
0.797255
0.701099
0.759333
0.660531
0.765995
0.619165
0.727162
0.725377
0.719271
0.733014
0.78148
0.723714
0.64656
0.722589
0.818542
0.800346
0.730525
0.63587
0.804216
0.709898
0.74103
0.72098
0.8352
0.649455
0.720761
0.681202
0.793712
0.614261
0.788652
0.696824
0.841721
0.717624
0.690251
0.85842
0.770034
0.796674
0.701687
0.720049
0.657441
0.790188
0.725231
0.799215
0.816021
0.621793
0.620072
0.506009
0.583048
0.703177
0.632076
0.622174
0.688911
0.636878
0.657822
0.583451
0.662994
0.624503
0.661915
0.67095
0.584041
0.602529
0.57502
0.629079
0.607994
0.619439
0.672451
0.65661
0.560348
0.664414
0.660392
0.737387
0.508604
0.660934
0.601189
0.65451
0.606895
0.620428
0.623893
0.700797
0.715478
0.603309
0.738139
0.710059
0.700729
0.705171
0.710189
0.654434
0.562513
0.658792
0.768806
0.74986
0.494875
0.613375
0.537238
0.593778
0.675136
0.675358
0.681234
0.582215
0.677137
0.647067
0.74871
0.652306
0.690724
0.577029
0.714106
0.510789
0.66768
0.669188
0.618089
0.715936
0.66726
0.598485
0.578971
0.634636
0.656822
0.6772
0.688086
0.557646
0.705464
0.650339
0.63965
0.636845
0.738812
0.498854
0.66624
0.600811
0.696811
0.523083
0.673224
0.649724
0.773618
0.65738
0.619481
0.740299
0.711841
0.676854
0.635303
0.58655
0.595482
0.66609
0.638861
0.717425
0.710807
0.599464
0.601655
0.489679
0.635356
0.716233
0.584965
0.651664
0.718768
0.612586
0.62836
0.608133
0.664206
0.70723
0.683812
0.737093
0.660107
0.649989
0.612208
0.730978
0.625646
0.635744
0.672567
0.656034
0.558198
0.663415
0.680079
0.755636
0.506986
0.670954
0.614857
0.690671
0.507515
0.589637
0.678249
0.717875
0.706826
0.594247
0.758493
0.700729
0.726692
0.636024
0.696351
0.715145
0.571867
0.683677
0.680685
0.72764
0.499841
0.627276
0.570641
0.589786
0.666747
0.648848
0.762981
0.608659
0.679824
0.65206
0.750802
0.585225
0.6671
0.588754
0.755872
0.59441
0.624157
0.647569
0.635828
0.683149
0.712243
0.618084
0.568623
0.642969
0.737352
0.701295
0.668631
0.569155
0.663018
0.687802
0.662699
0.591612
0.772336
0.57103
0.672039
0.560954
0.704368
0.541907
0.698013
0.697271
0.744463
0.654496
0.593096
0.788536
0.736304
0.682849
0.609563
0.695048
0.612431
0.722651
0.670933
0.719067
0.698833
0.609554
0.616035
0.471428
0.654147
0.732714
0.642971
0.670051
0.727602
0.634314
0.692816
0.618667
0.686404
0.69025
0.688355
0.735894
0.637337
0.657181
0.601582
0.658402
0.637434
0.627298
0.628404
0.728626
0.564806
0.661954
0.674895
0.758382
0.547432
0.642796
0.635851
0.677076
0.537242
0.604839
0.722175
0.716459
0.662539
0.581281
0.777593
0.705171
0.636024
0.758269
0.730671
0.702918
0.590335
0.740943
0.735073
0.710788
0.495896
0.680768
0.605354
0.637384
0.656027
0.654864
0.722154
0.652555
0.67623
0.654067
0.784371
0.594864
0.751747
0.612695
0.709888
0.57055
0.680421
0.660363
0.656165
0.698722
0.687975
0.637043
0.592054
0.665664
0.73075
0.705138
0.638456
0.599062
0.695566
0.682951
0.647694
0.680879
0.743007
0.516028
0.651416
0.523009
0.686886
0.597232
0.715002
0.629288
0.765924
0.672046
0.687905
0.770127
0.727156
0.695552
0.685812
0.672016
0.584341
0.685418
0.680082
0.729958
0.713017
0.667969
0.663947
0.530073
0.64557
0.792633
0.657602
0.703983
0.75347
0.671676
0.678991
0.645488
0.704598
0.676019
0.664312
0.754996
0.672872
0.641032
0.65249
0.702842
0.690242
0.681988
0.701733
0.715167
0.606185
0.69774
0.756973
0.767094
0.573161
0.649467
0.627735
0.689748
0.564623
0.596692
0.702664
0.759034
0.678831
0.602862
0.77273
0.710189
0.696351
0.730671
0.783607
0.74654
0.57631
0.736068
0.740735
0.785766
0.549816
0.710368
0.617531
0.654292
0.708611
0.689072
0.725522
0.647151
0.71641
0.613705
0.75845
0.649704
0.707332
0.583545
0.72693
0.57378
0.698553
0.675887
0.66514
0.660709
0.705398
0.626982
0.623251
0.689985
0.697111
0.757276
0.71554
0.593465
0.718078
0.667098
0.697582
0.732754
0.727974
0.586326
0.716589
0.604816
0.73434
0.593435
0.712164
0.64395
0.80705
0.66813
0.651977
0.805924
0.724839
0.722687
0.675243
0.661714
0.609199
0.710899
0.672498
0.770021
0.716743
0.640086
0.613879
0.522181
0.657789
0.730579
0.596953
0.666696
0.708167
0.641165
0.685391
0.560563
0.692016
0.649988
0.648203
0.771073
0.657609
0.636735
0.544452
0.700278
0.630374
0.613601
0.639285
0.729327
0.568854
0.662325
0.691175
0.7399
0.547366
0.603953
0.554159
0.664416
0.559754
0.623883
0.670092
0.685594
0.705314
0.638049
0.780491
0.654434
0.715145
0.702918
0.74654
0.759667
0.568765
0.727212
0.74987
0.741136
0.506858
0.711412
0.596276
0.575362
0.703188
0.692314
0.673203
0.593658
0.695702
0.69116
0.714963
0.60265
0.683398
0.579205
0.750503
0.561976
0.640524
0.6391
0.636271
0.674842
0.674371
0.641078
0.655457
0.66393
0.74435
0.737357
0.650073
0.63592
0.708339
0.6602
0.670913
0.627756
0.731903
0.554049
0.649617
0.620264
0.711188
0.565509
0.667612
0.649513
0.725533
0.66091
0.683132
0.78653
0.69657
0.688018
0.632309
0.608617
0.606307
0.662865
0.665825
0.756061
0.751794
0.521313
0.529003
0.429862
0.546453
0.62958
0.570513
0.5502
0.564421
0.518917
0.625693
0.484802
0.590938
0.553839
0.529315
0.606588
0.539523
0.554989
0.464236
0.598704
0.554961
0.560458
0.606989
0.565571
0.43551
0.561223
0.581989
0.585558
0.458263
0.565647
0.506494
0.530293
0.455412
0.532093
0.591729
0.608357
0.559677
0.498182
0.69609
0.562513
0.571867
0.590335
0.57631
0.568765
0.554481
0.630456
0.649968
0.633524
0.439325
0.577213
0.466871
0.486537
0.586738
0.585889
0.615437
0.523148
0.598637
0.58167
0.619864
0.550143
0.620494
0.51649
0.626098
0.496217
0.582993
0.573923
0.558913
0.555339
0.571126
0.438465
0.52615
0.588429
0.613783
0.614369
0.537738
0.501639
0.630757
0.606316
0.571504
0.548306
0.635736
0.482662
0.5802
0.495668
0.636075
0.471024
0.605212
0.495474
0.656746
0.563726
0.547436
0.679365
0.564027
0.660044
0.573756
0.543609
0.44635
0.577682
0.551409
0.591924
0.637635
0.643704
0.63443
0.509149
0.646113
0.764196
0.685301
0.691641
0.744746
0.659775
0.663726
0.616068
0.701654
0.644974
0.691999
0.70627
0.650417
0.63886
0.626569
0.730321
0.617142
0.671967
0.719266
0.732707
0.597035
0.659711
0.726554
0.758802
0.53214
0.695218
0.669926
0.694043
0.562867
0.630021
0.69929
0.720236
0.722495
0.58201
0.785792
0.658792
0.683677
0.740943
0.736068
0.727212
0.630456
0.777092
0.760036
0.769696
0.541955
0.730847
0.585739
0.640667
0.705776
0.687874
0.735734
0.647389
0.694809
0.699204
0.762709
0.651598
0.724541
0.596997
0.744605
0.556101
0.668043
0.630857
0.673838
0.714178
0.683877
0.64589
0.636308
0.717284
0.722509
0.688987
0.678614
0.582976
0.715326
0.687385
0.720842
0.66557
0.740448
0.549757
0.708295
0.616488
0.716368
0.596196
0.674524
0.658028
0.793436
0.639012
0.6463
0.760162
0.710246
0.743588
0.666799
0.674915
0.621824
0.727769
0.671284
0.73072
0.763713
0.618647
0.705091
0.584407
0.660714
0.781161
0.698737
0.719558
0.759662
0.705913
0.736786
0.636107
0.740426
0.699288
0.734472
0.75337
0.7459
0.721421
0.690796
0.759164
0.734759
0.67137
0.758318
0.749015
0.623825
0.685823
0.711776
0.785313
0.610067
0.731748
0.747378
0.717833
0.586788
0.694285
0.721412
0.787482
0.766441
0.66931
0.789607
0.768806
0.680685
0.735073
0.740735
0.74987
0.649968
0.760036
0.9261
0.80011
0.560288
0.762157
0.669998
0.661153
0.692113
0.725541
0.771424
0.676831
0.746567
0.725236
0.726623
0.709062
0.77815
0.674357
0.773958
0.59922
0.712364
0.687006
0.688563
0.763203
0.762618
0.699207
0.688835
0.752748
0.764962
0.734254
0.72932
0.627013
0.718374
0.713046
0.724323
0.703599
0.812639
0.654949
0.715436
0.639157
0.770833
0.623588
0.754983
0.707169
0.852485
0.722662
0.723894
0.821933
0.731287
0.785454
0.733428
0.759982
0.684773
0.761324
0.680938
0.803064
0.738954
0.668196
0.659848
0.58881
0.67809
0.799775
0.687896
0.709643
0.758726
0.716216
0.736321
0.631421
0.713447
0.689275
0.753176
0.790701
0.688494
0.710591
0.68238
0.732436
0.662114
0.698139
0.720929
0.737483
0.603242
0.688622
0.71972
0.78369
0.625021
0.724117
0.661417
0.733035
0.658997
0.631937
0.704279
0.761401
0.715752
0.641769
0.828578
0.74986
0.72764
0.710788
0.785766
0.741136
0.633524
0.769696
0.80011
0.880107
0.584614
0.77758
0.618266
0.674547
0.744353
0.728598
0.753644
0.657416
0.755947
0.702304
0.808856
0.694573
0.737303
0.630724
0.780342
0.621066
0.663643
0.679028
0.660353
0.757501
0.75455
0.663366
0.696156
0.681215
0.717613
0.778784
0.720768
0.658128
0.725644
0.705084
0.706069
0.709582
0.761047
0.606402
0.710557
0.667362
0.800827
0.595437
0.725953
0.735737
0.813154
0.705817
0.678139
0.812166
0.766921
0.781509
0.65937
0.702395
0.666236
0.756674
0.699957
0.779861
0.753471
0.418483
0.471647
0.346905
0.413674
0.533044
0.459767
0.48224
0.547293
0.441056
0.46984
0.418479
0.514494
0.448401
0.503291
0.55267
0.491952
0.455812
0.424998
0.517535
0.448363
0.45928
0.513257
0.44506
0.29691
0.481277
0.540258
0.507684
0.371059
0.469372
0.42995
0.473317
0.36781
0.442038
0.46413
0.504628
0.444217
0.436014
0.596093
0.494875
0.499841
0.495896
0.549816
0.506858
0.439325
0.541955
0.560288
0.584614
0.370899
0.515741
0.421701
0.446081
0.502336
0.470586
0.601084
0.397027
0.489801
0.460072
0.613212
0.397186
0.520449
0.396309
0.530686
0.348501
0.479547
0.438928
0.483663
0.424577
0.525829
0.455557
0.445345
0.52121
0.497501
0.51275
0.474543
0.408759
0.518085
0.512717
0.51649
0.435558
0.566218
0.375854
0.496856
0.376871
0.518946
0.420491
0.485112
0.454335
0.608316
0.497168
0.463668
0.629157
0.493135
0.538475
0.471859
0.441907
0.406836
0.507584
0.486488
0.503738
0.557868
0.588429
0.608005
0.433175
0.633743
0.684697
0.615096
0.613215
0.704126
0.572213
0.653144
0.586275
0.669271
0.640389
0.632483
0.693037
0.673011
0.648471
0.622382
0.65353
0.593616
0.621505
0.679538
0.654963
0.578393
0.604098
0.642233
0.701989
0.454931
0.666839
0.643171
0.669809
0.508021
0.619302
0.680396
0.695704
0.645232
0.610567
0.686741
0.613375
0.627276
0.680768
0.710368
0.711412
0.577213
0.730847
0.762157
0.77758
0.515741
0.701795
0.559384
0.574063
0.658104
0.683073
0.695152
0.578458
0.674364
0.665885
0.724217
0.55821
0.65153
0.564455
0.735349
0.550007
0.617278
0.634003
0.649569
0.664511
0.644328
0.634602
0.585819
0.638868
0.698293
0.659222
0.679783
0.540643
0.667117
0.647378
0.633372
0.581201
0.729526
0.543731
0.700067
0.590585
0.715666
0.563105
0.617789
0.637475
0.768872
0.622461
0.608896
0.762961
0.672467
0.655051
0.64473
0.654337
0.558221
0.655469
0.623104
0.695676
0.680126
0.460273
0.552152
0.40785
0.512161
0.601257
0.519269
0.531191
0.563596
0.496848
0.581755
0.471694
0.550119
0.527201
0.54464
0.595908
0.503544
0.516541
0.468027
0.600834
0.472525
0.5119
0.58296
0.533611
0.469729
0.558724
0.588189
0.608359
0.43756
0.524822
0.523421
0.550596
0.48094
0.471876
0.564675
0.615983
0.590829
0.486296
0.570036
0.537238
0.570641
0.605354
0.617531
0.596276
0.466871
0.585739
0.669998
0.618266
0.421701
0.559384
0.470588
0.510487
0.550303
0.543421
0.602992
0.500796
0.554789
0.525884
0.624401
0.479275
0.59656
0.435097
0.643337
0.478916
0.51351
0.505851
0.495725
0.520447
0.522935
0.533653
0.468538
0.514804
0.642087
0.582065
0.520017
0.480172
0.562947
0.530617
0.531037
0.467991
0.64242
0.425267
0.549153
0.48615
0.601139
0.49099
0.571656
0.508305
0.663459
0.523128
0.520631
0.61594
0.588799
0.603965
0.536575
0.502299
0.458309
0.510266
0.532475
0.576424
0.607933
0.519237
0.537743
0.458022
0.54807
0.639147
0.550614
0.60643
0.63809
0.553203
0.605303
0.54424
0.628396
0.572718
0.585596
0.630807
0.571583
0.523136
0.515595
0.634512
0.559354
0.563446
0.614991
0.59348
0.549283
0.534795
0.613747
0.626109
0.455564
0.590627
0.52914
0.551839
0.538159
0.506457
0.645947
0.629763
0.628472
0.495281
0.677487
0.593778
0.589786
0.637384
0.654292
0.575362
0.486537
0.640667
0.661153
0.674547
0.446081
0.574063
0.510487
0.56543
0.624992
0.5587
0.649507
0.532061
0.584871
0.584031
0.657535
0.555171
0.635731
0.521658
0.658394
0.511541
0.608043
0.548507
0.546053
0.611994
0.602796
0.532912
0.523896
0.623048
0.637356
0.608489
0.611074
0.492628
0.614991
0.551072
0.617284
0.58973
0.680707
0.463478
0.654821
0.464064
0.658841
0.495845
0.637352
0.572334
0.73678
0.594677
0.552804
0.699085
0.664506
0.61543
0.576105
0.568149
0.471423
0.627739
0.593334
0.633069
0.626227
0.579997
0.653318
0.495828
0.61509
0.748794
0.602786
0.65369
0.66994
0.603567
0.659791
0.635684
0.674588
0.63604
0.639497
0.679544
0.633197
0.609421
0.605994
0.686282
0.627868
0.639061
0.649135
0.685536
0.52902
0.648262
0.682461
0.713946
0.547686
0.593772
0.591984
0.666486
0.538049
0.603228
0.671184
0.730297
0.650281
0.548407
0.747056
0.675136
0.666747
0.656027
0.708611
0.703188
0.586738
0.705776
0.692113
0.744353
0.502336
0.658104
0.550303
0.624992
0.714388
0.642972
0.728988
0.615288
0.690547
0.621811
0.744911
0.611666
0.70351
0.596628
0.699399
0.599342
0.597327
0.640833
0.611677
0.64447
0.661275
0.60267
0.60631
0.662708
0.699517
0.641843
0.675485
0.561149
0.689345
0.637967
0.635109
0.63922
0.758784
0.567687
0.651424
0.603262
0.674315
0.540703
0.652328
0.619864
0.734052
0.648008
0.590394
0.739564
0.695868
0.675133
0.604464
0.647059
0.574955
0.654275
0.619121
0.725326
0.681524
0.595969
0.645399
0.515559
0.589893
0.689884
0.585959
0.619223
0.708694
0.617865
0.662968
0.591525
0.688521
0.644324
0.677795
0.719169
0.66735
0.672638
0.592145
0.654606
0.646444
0.655987
0.66743
0.683945
0.572347
0.671813
0.674584
0.706292
0.509606
0.66737
0.605736
0.637552
0.55265
0.566717
0.735865
0.666381
0.738822
0.537725
0.716639
0.675358
0.648848
0.654864
0.689072
0.692314
0.585889
0.687874
0.725541
0.728598
0.470586
0.683073
0.543421
0.5587
0.642972
0.736579
0.678162
0.556996
0.699972
0.662815
0.742102
0.588405
0.687922
0.54523
0.711742
0.562198
0.624354
0.662615
0.666326
0.634678
0.638436
0.635762
0.592926
0.576952
0.729914
0.706444
0.678066
0.565911
0.671123
0.655896
0.69159
0.642428
0.74582
0.544061
0.702618
0.572647
0.680987
0.564688
0.657276
0.617386
0.761669
0.619637
0.659074
0.80022
0.688151
0.678826
0.61193
0.661891
0.574941
0.677259
0.662655
0.747971
0.700863
0.617325
0.696821
0.499914
0.649593
0.744492
0.625513
0.682952
0.703821
0.66019
0.723829
0.624602
0.651867
0.68467
0.676387
0.787109
0.668761
0.66359
0.611486
0.70212
0.652733
0.686616
0.708449
0.730394
0.633276
0.677323
0.728766
0.790476
0.577967
0.694962
0.69642
0.72213
0.650515
0.647904
0.740531
0.750886
0.720004
0.647948
0.750207
0.681234
0.762981
0.722154
0.725522
0.673203
0.615437
0.735734
0.771424
0.753644
0.601084
0.695152
0.602992
0.649507
0.728988
0.678162
0.828637
0.640703
0.692596
0.697693
0.754124
0.6477
0.732938
0.60042
0.740899
0.573708
0.729011
0.676564
0.6372
0.73116
0.722579
0.659624
0.63391
0.692552
0.701914
0.722478
0.677263
0.629632
0.671245
0.687538
0.683918
0.642381
0.824405
0.579116
0.738059
0.633797
0.785523
0.587714
0.737683
0.688232
0.817614
0.673783
0.656431
0.809059
0.74075
0.717333
0.692474
0.660962
0.604338
0.701779
0.687394
0.75255
0.731056
0.565965
0.558772
0.389473
0.531667
0.644662
0.58421
0.571195
0.610638
0.586386
0.605847
0.494016
0.589863
0.537279
0.538345
0.618617
0.528685
0.549744
0.518659
0.580166
0.506658
0.543307
0.633005
0.56611
0.463389
0.567726
0.609517
0.655159
0.46266
0.576522
0.539897
0.612055
0.498438
0.532525
0.517132
0.65277
0.633861
0.544423
0.666496
0.582215
0.608659
0.652555
0.647151
0.593658
0.523148
0.647389
0.676831
0.657416
0.397027
0.578458
0.500796
0.532061
0.615288
0.556996
0.640703
0.555088
0.585002
0.595484
0.668621
0.517333
0.612801
0.514803
0.618909
0.456681
0.544419
0.600572
0.61371
0.622108
0.6142
0.518771
0.538144
0.562478
0.589075
0.611195
0.548993
0.479778
0.593217
0.56541
0.613271
0.531963
0.671988
0.459013
0.602146
0.531394
0.628755
0.487783
0.610284
0.578584
0.697993
0.529713
0.539986
0.687162
0.574281
0.588885
0.595616
0.572379
0.560416
0.590358
0.583294
0.608135
0.644263
0.592394
0.62485
0.460374
0.563011
0.718184
0.634675
0.617094
0.692411
0.643485
0.672
0.577424
0.612414
0.642814
0.639303
0.722314
0.690894
0.63878
0.590595
0.673681
0.647426
0.592072
0.64861
0.671245
0.529785
0.643694
0.647522
0.701779
0.567063
0.668458
0.591659
0.617162
0.541826
0.604777
0.628081
0.715712
0.696067
0.525625
0.734272
0.677137
0.679824
0.67623
0.71641
0.695702
0.598637
0.694809
0.746567
0.755947
0.489801
0.674364
0.554789
0.584871
0.690547
0.699972
0.692596
0.585002
0.705274
0.671558
0.758676
0.576814
0.696032
0.579325
0.726788
0.551647
0.609296
0.639958
0.601179
0.685892
0.705895
0.632039
0.604016
0.626075
0.674541
0.692256
0.623064
0.482409
0.711615
0.626404
0.642455
0.609714
0.717621
0.581461
0.692007
0.596699
0.70127
0.55917
0.657297
0.627996
0.743236
0.638742
0.618116
0.791341
0.671883
0.657057
0.634368
0.642712
0.578414
0.69986
0.660182
0.713078
0.722035
0.601052
0.638297
0.429798
0.614957
0.7072
0.570522
0.623996
0.642403
0.625281
0.653559
0.522378
0.589494
0.610999
0.651821
0.701549
0.635654
0.596581
0.559352
0.63405
0.617787
0.570647
0.641877
0.683309
0.560732
0.623469
0.647786
0.739283
0.511704
0.6149
0.589833
0.651267
0.522149
0.54656
0.62651
0.710631
0.693624
0.59189
0.691845
0.647067
0.65206
0.654067
0.613705
0.69116
0.58167
0.699204
0.725236
0.702304
0.460072
0.665885
0.525884
0.584031
0.621811
0.662815
0.697693
0.595484
0.671558
0.682035
0.732772
0.576268
0.652238
0.552901
0.699946
0.553799
0.60051
0.6436
0.629559
0.620706
0.609057
0.587316
0.573742
0.5743
0.689224
0.655345
0.635219
0.524041
0.684849
0.596485
0.61385
0.628936
0.717874
0.541891
0.616383
0.579102
0.679451
0.54356
0.612745
0.595855
0.69898
0.613695
0.572156
0.734605
0.645711
0.622244
0.609858
0.609083
0.566201
0.611672
0.659232
0.700289
0.687858
0.677601
0.733597
0.576994
0.647271
0.814315
0.715504
0.712394
0.784886
0.681949
0.713175
0.674533
0.720619
0.737416
0.721217
0.822216
0.74554
0.699186
0.624156
0.756571
0.656493
0.745477
0.745597
0.772198
0.645008
0.711942
0.732958
0.811195
0.599434
0.733605
0.666581
0.668501
0.635675
0.681995
0.688037
0.76313
0.774684
0.682602
0.797255
0.74871
0.750802
0.784371
0.75845
0.714963
0.619864
0.762709
0.726623
0.808856
0.613212
0.724217
0.624401
0.657535
0.744911
0.742102
0.754124
0.668621
0.758676
0.732772
0.923077
0.694963
0.772816
0.633252
0.811115
0.655247
0.713393
0.713765
0.722999
0.721149
0.756092
0.702419
0.696071
0.740259
0.785965
0.749868
0.714655
0.633913
0.740821
0.701676
0.759744
0.697784
0.799798
0.632941
0.742039
0.651983
0.755469
0.632481
0.720166
0.750788
0.844139
0.726649
0.661403
0.851038
0.730799
0.765909
0.66768
0.70632
0.624179
0.726044
0.763155
0.792329
0.803284
0.505011
0.552767
0.444283
0.576154
0.654676
0.583558
0.528668
0.670369
0.564303
0.557018
0.528008
0.611237
0.576208
0.556991
0.641976
0.543361
0.582075
0.519466
0.598974
0.535248
0.551463
0.551445
0.574225
0.49549
0.565893
0.595666
0.624584
0.465721
0.561143
0.536648
0.597017
0.493086
0.528882
0.615353
0.591944
0.573744
0.540334
0.701099
0.652306
0.585225
0.594864
0.649704
0.60265
0.550143
0.651598
0.709062
0.694573
0.397186
0.55821
0.479275
0.555171
0.611666
0.588405
0.6477
0.517333
0.576814
0.576268
0.694963
0.578837
0.643964
0.508062
0.583871
0.439705
0.551759
0.555764
0.528089
0.616907
0.611875
0.52556
0.534095
0.614097
0.611314
0.568228
0.647166
0.528084
0.592755
0.57592
0.596322
0.562143
0.694716
0.440863
0.593857
0.463768
0.593616
0.485855
0.595689
0.55814
0.650446
0.576632
0.549102
0.700463
0.653843
0.626796
0.565683
0.594518
0.5381
0.601373
0.53846
0.661689
0.631574
0.614552
0.639813
0.493762
0.659242
0.722557
0.682472
0.679791
0.676264
0.640117
0.648463
0.627442
0.692222
0.62769
0.698479
0.745292
0.691732
0.652043
0.578685
0.732389
0.615927
0.657735
0.682635
0.716519
0.593597
0.678001
0.7285
0.737876
0.534241
0.668724
0.711165
0.717845
0.599191
0.623097
0.674732
0.730036
0.719039
0.609976
0.759333
0.690724
0.6671
0.751747
0.707332
0.683398
0.620494
0.724541
0.77815
0.737303
0.520449
0.65153
0.59656
0.635731
0.70351
0.687922
0.732938
0.612801
0.696032
0.652238
0.772816
0.643964
0.792036
0.6311
0.75384
0.586892
0.647112
0.643133
0.683545
0.655879
0.73383
0.656983
0.627499
0.713586
0.818453
0.700959
0.682627
0.571707
0.695201
0.69091
0.679197
0.66094
0.779448
0.578617
0.677433
0.597182
0.73985
0.609253
0.706466
0.651911
0.814443
0.648778
0.649986
0.79142
0.668899
0.732952
0.658974
0.686346
0.639575
0.671743
0.727421
0.688539
0.755867
0.532419
0.523483
0.442267
0.532423
0.603333
0.520504
0.542979
0.603106
0.529512
0.577177
0.493066
0.547054
0.55476
0.52986
0.645451
0.539704
0.534266
0.491722
0.58181
0.538143
0.525846
0.569083
0.606693
0.452635
0.542359
0.585356
0.655767
0.426031
0.5328
0.528008
0.554336
0.474228
0.539344
0.618575
0.592114
0.555977
0.501528
0.660531
0.577029
0.588754
0.612695
0.583545
0.579205
0.51649
0.596997
0.674357
0.630724
0.396309
0.564455
0.435097
0.521658
0.596628
0.54523
0.60042
0.514803
0.579325
0.552901
0.633252
0.508062
0.6311
0.521963
0.589147
0.449148
0.539181
0.556901
0.456235
0.599606
0.604941
0.524745
0.497444
0.537331
0.671303
0.563519
0.557718
0.423698
0.591318
0.538727
0.540139
0.517166
0.633525
0.444645
0.569799
0.42703
0.62958
0.442163
0.604259
0.578153
0.672942
0.576399
0.522168
0.689792
0.641545
0.619576
0.577471
0.574761
0.534765
0.577813
0.565514
0.621289
0.61582
0.661872
0.658198
0.521976
0.631269
0.747014
0.676685
0.679574
0.733176
0.663746
0.66732
0.606307
0.693098
0.683403
0.66526
0.744383
0.704986
0.679396
0.653151
0.704346
0.680683
0.704866
0.709501
0.711123
0.576405
0.688578
0.688377
0.788194
0.569487
0.680147
0.669518
0.704933
0.592011
0.635763
0.684944
0.734373
0.752553
0.656905
0.765995
0.714106
0.755872
0.709888
0.72693
0.750503
0.626098
0.744605
0.773958
0.780342
0.530686
0.735349
0.643337
0.658394
0.699399
0.711742
0.740899
0.618909
0.726788
0.699946
0.811115
0.583871
0.75384
0.589147
0.807531
0.601316
0.614659
0.65041
0.64109
0.686222
0.674986
0.665518
0.606839
0.660367
0.734236
0.726046
0.691912
0.612461
0.73966
0.685912
0.706987
0.643678
0.751126
0.600639
0.698853
0.598588
0.748332
0.618243
0.70477
0.632946
0.774631
0.679312
0.690841
0.787073
0.706219
0.73338
0.667392
0.66111
0.60085
0.706854
0.687263
0.742881
0.795097
0.482478
0.523648
0.374087
0.513664
0.557078
0.505138
0.503465
0.604468
0.549609
0.535
0.426205
0.541961
0.531142
0.567973
0.607999
0.529839
0.531001
0.478437
0.529012
0.489744
0.561852
0.567982
0.536823
0.463159
0.555539
0.595667
0.614183
0.398527
0.532436
0.517192
0.564881
0.455013
0.481036
0.56455
0.578183
0.533236
0.497954
0.619165
0.510789
0.59441
0.57055
0.57378
0.561976
0.496217
0.556101
0.59922
0.621066
0.348501
0.550007
0.478916
0.511541
0.599342
0.562198
0.573708
0.456681
0.551647
0.553799
0.655247
0.439705
0.586892
0.449148
0.601316
0.452908
0.495256
0.521833
0.505812
0.563271
0.516087
0.492879
0.493089
0.549331
0.619158
0.569737
0.55161
0.474842
0.596921
0.549017
0.520267
0.534753
0.652273
0.402051
0.567521
0.469253
0.624138
0.457682
0.568371
0.513889
0.658252
0.4991
0.510725
0.637329
0.565943
0.587253
0.506825
0.515168
0.477387
0.567452
0.52387
0.56895
0.571684
0.58192
0.599543
0.440248
0.624316
0.697579
0.572557
0.65413
0.697585
0.57047
0.61243
0.582203
0.622713
0.659176
0.647013
0.704923
0.628426
0.606736
0.546974
0.620643
0.589477
0.622952
0.627754
0.669569
0.548753
0.6313
0.615559
0.702847
0.522374
0.60791
0.626962
0.650899
0.541728
0.555318
0.649904
0.656981
0.633355
0.493585
0.727162
0.66768
0.624157
0.680421
0.698553
0.640524
0.582993
0.668043
0.712364
0.663643
0.479547
0.617278
0.51351
0.608043
0.597327
0.624354
0.729011
0.544419
0.609296
0.60051
0.713393
0.551759
0.647112
0.539181
0.614659
0.495256
0.657534
0.614834
0.571255
0.646711
0.637601
0.595844
0.592403
0.668173
0.676927
0.648051
0.624644
0.542259
0.663226
0.631937
0.648359
0.611534
0.703595
0.514709
0.623081
0.540111
0.651843
0.553844
0.672335
0.646123
0.776713
0.616822
0.654077
0.789063
0.667282
0.680491
0.599287
0.627326
0.580916
0.621754
0.645274
0.662895
0.690595
0.596829
0.611374
0.443693
0.583508
0.688086
0.600997
0.649607
0.668998
0.612195
0.624393
0.575507
0.59973
0.615205
0.627301
0.661081
0.603775
0.572705
0.525761
0.665455
0.595511
0.608158
0.625218
0.631953
0.524274
0.601886
0.610148
0.741501
0.516197
0.626743
0.551257
0.618182
0.535027
0.591392
0.640406
0.697789
0.656804
0.56801
0.725377
0.669188
0.647569
0.660363
0.675887
0.6391
0.573923
0.630857
0.687006
0.679028
0.438928
0.634003
0.505851
0.548507
0.640833
0.662615
0.676564
0.600572
0.639958
0.6436
0.713765
0.555764
0.643133
0.556901
0.65041
0.521833
0.614834
0.682035
0.562364
0.656335
0.679833
0.613767
0.599021
0.668316
0.702451
0.669235
0.634383
0.517878
0.674464
0.579367
0.654081
0.602636
0.723006
0.536144
0.616283
0.522708
0.653908
0.541789
0.63803
0.622002
0.7527
0.640569
0.602559
0.765173
0.66277
0.694541
0.638878
0.62938
0.611259
0.646909
0.615264
0.674492
0.677003
0.541756
0.629182
0.478332
0.594475
0.685409
0.547532
0.613112
0.644396
0.626717
0.592562
0.559416
0.589425
0.581869
0.600728
0.690337
0.629467
0.593601
0.524007
0.672705
0.606363
0.596004
0.606444
0.635044
0.50711
0.583175
0.663684
0.673329
0.515313
0.626108
0.524421
0.61227
0.522165
0.5243
0.637085
0.663469
0.645684
0.51324
0.719271
0.618089
0.635828
0.656165
0.66514
0.636271
0.558913
0.673838
0.688563
0.660353
0.483663
0.649569
0.495725
0.546053
0.611677
0.666326
0.6372
0.61371
0.601179
0.629559
0.722999
0.528089
0.683545
0.456235
0.64109
0.505812
0.571255
0.562364
0.633484
0.640057
0.608913
0.608707
0.565742
0.629108
0.663203
0.626925
0.569542
0.516973
0.638532
0.627285
0.614929
0.591206
0.67832
0.532965
0.617137
0.565876
0.689233
0.512355
0.600116
0.566833
0.689641
0.613133
0.62222
0.721513
0.611602
0.662646
0.587343
0.58523
0.52243
0.599729
0.63979
0.613802
0.666971
0.544014
0.602338
0.49328
0.636192
0.694486
0.65257
0.644417
0.703638
0.620832
0.683696
0.593643
0.686066
0.651643
0.656436
0.72337
0.65106
0.615456
0.615662
0.65978
0.610757
0.614651
0.665175
0.668397
0.528938
0.671611
0.650704
0.715188
0.520228
0.649393
0.649698
0.696471
0.556463
0.592388
0.645682
0.692084
0.696351
0.574837
0.733014
0.715936
0.683149
0.698722
0.660709
0.674842
0.555339
0.714178
0.763203
0.757501
0.424577
0.664511
0.520447
0.611994
0.64447
0.634678
0.73116
0.622108
0.685892
0.620706
0.721149
0.616907
0.655879
0.599606
0.686222
0.563271
0.646711
0.656335
0.640057
0.726692
0.662111
0.659646
0.636375
0.709647
0.73019
0.667283
0.6646
0.60103
0.677558
0.636214
0.65291
0.614695
0.708682
0.595177
0.707866
0.60858
0.729432
0.570637
0.674001
0.631206
0.761373
0.626914
0.662984
0.775318
0.719387
0.680579
0.619938
0.620724
0.581925
0.660266
0.624788
0.717575
0.746202
0.590407
0.660725
0.474708
0.606612
0.716329
0.683376
0.632161
0.621026
0.600631
0.643665
0.554618
0.673914
0.6527
0.643802
0.72497
0.648964
0.632907
0.593386
0.660403
0.578085
0.631933
0.668792
0.63271
0.505348
0.686437
0.639084
0.681835
0.505738
0.609395
0.655432
0.654535
0.527855
0.602144
0.618458
0.692612
0.698408
0.578285
0.78148
0.66726
0.712243
0.687975
0.705398
0.674371
0.571126
0.683877
0.762618
0.75455
0.525829
0.644328
0.522935
0.602796
0.661275
0.638436
0.722579
0.6142
0.705895
0.609057
0.756092
0.611875
0.73383
0.604941
0.674986
0.516087
0.637601
0.679833
0.608913
0.662111
0.721045
0.613892
0.546145
0.625692
0.666199
0.686559
0.644672
0.581266
0.658103
0.69172
0.677485
0.627481
0.777466
0.561094
0.642576
0.539972
0.706606
0.530715
0.694705
0.61875
0.77901
0.6328
0.622071
0.784619
0.712373
0.708371
0.621319
0.627672
0.589085
0.673969
0.638298
0.719764
0.733394
0.578902
0.574138
0.438147
0.552065
0.676799
0.566928
0.580391
0.632063
0.574864
0.662854
0.516218
0.603245
0.615869
0.647323
0.672746
0.57227
0.564982
0.550793
0.623924
0.552857
0.58352
0.602199
0.591151
0.503265
0.606651
0.580193
0.676032
0.477586
0.603831
0.590662
0.604299
0.470764
0.536987
0.605857
0.663635
0.681274
0.486401
0.723714
0.598485
0.618084
0.637043
0.626982
0.641078
0.438465
0.64589
0.699207
0.663366
0.455557
0.634602
0.533653
0.532912
0.60267
0.635762
0.659624
0.518771
0.632039
0.587316
0.702419
0.52556
0.656983
0.524745
0.665518
0.492879
0.595844
0.613767
0.608707
0.659646
0.613892
0.616366
0.580787
0.609947
0.675152
0.656096
0.592724
0.504665
0.611699
0.603259
0.610421
0.59516
0.709925
0.5049
0.60189
0.516724
0.683008
0.510536
0.646369
0.577211
0.727241
0.597287
0.556467
0.721724
0.694039
0.623953
0.518058
0.608329
0.522409
0.663517
0.632078
0.687234
0.682242
0.541652
0.558844
0.426582
0.601669
0.659585
0.516037
0.567405
0.595434
0.559254
0.580938
0.525885
0.587391
0.571905
0.58435
0.657043
0.573942
0.557649
0.511625
0.587662
0.577152
0.593997
0.575692
0.610163
0.521266
0.610847
0.588545
0.623218
0.438829
0.569644
0.564841
0.613522
0.482961
0.512293
0.57729
0.600269
0.621244
0.507817
0.64656
0.578971
0.568623
0.592054
0.623251
0.655457
0.52615
0.636308
0.688835
0.696156
0.445345
0.585819
0.468538
0.523896
0.60631
0.592926
0.63391
0.538144
0.604016
0.573742
0.696071
0.534095
0.627499
0.497444
0.606839
0.493089
0.592403
0.599021
0.565742
0.636375
0.546145
0.580787
0.586355
0.584035
0.672266
0.627431
0.606382
0.482221
0.600845
0.568886
0.514187
0.574879
0.65663
0.462637
0.574573
0.530927
0.608635
0.487776
0.602724
0.605918
0.717181
0.55997
0.561172
0.690992
0.605166
0.666993
0.579679
0.545316
0.514928
0.611548
0.539839
0.710766
0.599267
0.591189
0.608213
0.431822
0.589441
0.703828
0.651191
0.635068
0.668527
0.614191
0.632882
0.563056
0.65579
0.591874
0.658934
0.730485
0.631713
0.59927
0.554619
0.646936
0.593145
0.621706
0.622849
0.660897
0.571446
0.638713
0.661795
0.742142
0.546653
0.6494
0.630654
0.583794
0.556287
0.577855
0.667357
0.716336
0.614264
0.573313
0.722589
0.634636
0.642969
0.665664
0.689985
0.66393
0.588429
0.717284
0.752748
0.681215
0.52121
0.638868
0.514804
0.623048
0.662708
0.576952
0.692552
0.562478
0.626075
0.5743
0.740259
0.614097
0.713586
0.537331
0.660367
0.549331
0.668173
0.668316
0.629108
0.709647
0.625692
0.609947
0.584035
0.713274
0.659448
0.700089
0.648302
0.540032
0.668811
0.6016
0.668198
0.630275
0.721973
0.521916
0.648096
0.604907
0.711238
0.603291
0.637248
0.631404
0.767648
0.598629
0.592321
0.731849
0.692263
0.686947
0.559362
0.594359
0.569498
0.651713
0.586418
0.714489
0.726848
0.661384
0.662541
0.51237
0.643874
0.730981
0.660745
0.668401
0.74899
0.663584
0.708073
0.667938
0.708468
0.676677
0.652818
0.731613
0.719898
0.687871
0.658922
0.710008
0.653046
0.723929
0.710413
0.709804
0.617996
0.686894
0.732011
0.760698
0.60098
0.651974
0.687414
0.694094
0.554472
0.670257
0.680052
0.72286
0.760408
0.650564
0.818542
0.656822
0.737352
0.73075
0.697111
0.74435
0.613783
0.722509
0.764962
0.717613
0.497501
0.698293
0.642087
0.637356
0.699517
0.729914
0.701914
0.589075
0.674541
0.689224
0.785965
0.611314
0.818453
0.671303
0.734236
0.619158
0.676927
0.702451
0.663203
0.73019
0.666199
0.675152
0.672266
0.659448
0.83045
0.785558
0.660386
0.631601
0.740599
0.689753
0.660951
0.71538
0.8016
0.582227
0.708813
0.616307
0.751927
0.600521
0.734302
0.70371
0.789171
0.695901
0.670306
0.8321
0.739604
0.715046
0.712961
0.656692
0.609897
0.683079
0.672954
0.79164
0.760848
0.645334
0.66862
0.516031
0.667922
0.754205
0.652358
0.67848
0.690525
0.635764
0.69552
0.584203
0.707492
0.663446
0.699175
0.774464
0.672315
0.632733
0.561915
0.714175
0.647248
0.653344
0.66749
0.672541
0.580265
0.694783
0.697606
0.728143
0.58003
0.639945
0.655839
0.672731
0.604622
0.605783
0.711019
0.694167
0.71725
0.58326
0.800346
0.6772
0.701295
0.705138
0.757276
0.737357
0.614369
0.688987
0.734254
0.778784
0.51275
0.659222
0.582065
0.608489
0.641843
0.706444
0.722478
0.611195
0.692256
0.655345
0.749868
0.568228
0.700959
0.563519
0.726046
0.569737
0.648051
0.669235
0.626925
0.667283
0.686559
0.656096
0.627431
0.700089
0.785558
0.775537
0.672779
0.641577
0.690321
0.666907
0.685175
0.644948
0.7512
0.55481
0.656032
0.575102
0.731142
0.594558
0.709616
0.635472
0.787867
0.682808
0.623292
0.809017
0.688521
0.680682
0.631281
0.65427
0.640011
0.687326
0.680774
0.728143
0.767833
0.555464
0.632957
0.510062
0.614159
0.747496
0.575715
0.641898
0.66833
0.61636
0.608379
0.555185
0.697069
0.636158
0.682446
0.705506
0.621195
0.629952
0.598023
0.691986
0.609553
0.634243
0.630718
0.650843
0.581843
0.600696
0.673066
0.716921
0.547891
0.633544
0.605865
0.65834
0.558365
0.540497
0.668685
0.692082
0.706784
0.524577
0.730525
0.688086
0.668631
0.638456
0.71554
0.650073
0.537738
0.678614
0.72932
0.720768
0.474543
0.679783
0.520017
0.611074
0.675485
0.678066
0.677263
0.548993
0.623064
0.635219
0.714655
0.647166
0.682627
0.557718
0.691912
0.55161
0.624644
0.634383
0.569542
0.6646
0.644672
0.592724
0.606382
0.648302
0.660386
0.672779
0.705274
0.538699
0.665041
0.65274
0.631741
0.652988
0.75664
0.523065
0.631924
0.578694
0.726782
0.559302
0.631197
0.633446
0.748918
0.642347
0.602486
0.752281
0.715298
0.687577
0.616909
0.690193
0.561964
0.646656
0.641496
0.713107
0.672656
0.451317
0.526094
0.372734
0.493349
0.60792
0.512768
0.547704
0.606295
0.54474
0.53021
0.477317
0.517974
0.581085
0.52539
0.611384
0.523327
0.546485
0.491328
0.659262
0.482317
0.524754
0.578376
0.560463
0.497485
0.525942
0.570971
0.632666
0.454117
0.491582
0.548618
0.558228
0.474596
0.505324
0.538026
0.601683
0.598696
0.482596
0.63587
0.557646
0.569155
0.599062
0.593465
0.63592
0.501639
0.582976
0.627013
0.658128
0.408759
0.540643
0.480172
0.492628
0.561149
0.565911
0.629632
0.479778
0.482409
0.524041
0.633913
0.528084
0.571707
0.423698
0.612461
0.474842
0.542259
0.517878
0.516973
0.60103
0.581266
0.504665
0.482221
0.540032
0.631601
0.641577
0.538699
0.499445
0.546371
0.535642
0.527043
0.501963
0.645671
0.424726
0.528998
0.489374
0.577255
0.485378
0.556308
0.509197
0.665659
0.513265
0.510983
0.608967
0.63215
0.570689
0.551099
0.534383
0.501473
0.560211
0.578258
0.607353
0.624097
0.588827
0.641154
0.497504
0.58685
0.735646
0.645713
0.66126
0.706906
0.668688
0.705374
0.581999
0.711749
0.673375
0.67102
0.753012
0.642643
0.670972
0.59352
0.706169
0.590111
0.589734
0.668879
0.65927
0.544462
0.59108
0.692619
0.704177
0.532118
0.623733
0.613446
0.693727
0.516534
0.608907
0.64207
0.711138
0.695587
0.613022
0.804216
0.705464
0.663018
0.695566
0.718078
0.708339
0.630757
0.715326
0.718374
0.725644
0.518085
0.667117
0.562947
0.614991
0.689345
0.671123
0.671245
0.593217
0.711615
0.684849
0.740821
0.592755
0.695201
0.591318
0.73966
0.596921
0.663226
0.674464
0.638532
0.677558
0.658103
0.611699
0.600845
0.668811
0.740599
0.690321
0.665041
0.546371
0.763903
0.674865
0.658685
0.677379
0.777116
0.565477
0.697992
0.614164
0.699626
0.53549
0.676888
0.649792
0.781998
0.661065
0.660974
0.796561
0.69857
0.679968
0.661132
0.65925
0.559043
0.707289
0.699342
0.719352
0.740382
0.566738
0.620845
0.499672
0.61099
0.679468
0.553515
0.596839
0.649828
0.648595
0.664223
0.582199
0.656511
0.612576
0.627272
0.66658
0.620239
0.638007
0.571551
0.704047
0.623663
0.616048
0.625603
0.648857
0.565409
0.59755
0.685614
0.701587
0.538504
0.613866
0.549879
0.633748
0.471291
0.569926
0.622226
0.676462
0.632129
0.509918
0.709898
0.650339
0.687802
0.682951
0.667098
0.6602
0.606316
0.687385
0.713046
0.705084
0.512717
0.647378
0.530617
0.551072
0.637967
0.655896
0.687538
0.56541
0.626404
0.596485
0.701676
0.57592
0.69091
0.538727
0.685912
0.549017
0.631937
0.579367
0.627285
0.636214
0.69172
0.603259
0.568886
0.6016
0.689753
0.666907
0.65274
0.535642
0.674865
0.682035
0.59466
0.601891
0.752934
0.521954
0.657358
0.516413
0.668886
0.560852
0.648082
0.587963
0.767212
0.627378
0.585099
0.68915
0.647513
0.662388
0.59417
0.577376
0.506533
0.689734
0.597714
0.622603
0.658399
0.608238
0.630857
0.512764
0.612907
0.720975
0.616879
0.622881
0.70844
0.640892
0.616899
0.580383
0.623336
0.603821
0.656512
0.732589
0.626849
0.597755
0.581499
0.637092
0.625587
0.641248
0.677166
0.673117
0.540243
0.60964
0.684234
0.723015
0.552819
0.629507
0.561428
0.63738
0.585672
0.575955
0.638369
0.707862
0.704841
0.544822
0.74103
0.63965
0.662699
0.647694
0.697582
0.670913
0.571504
0.720842
0.724323
0.706069
0.51649
0.633372
0.531037
0.617284
0.635109
0.69159
0.683918
0.613271
0.642455
0.61385
0.759744
0.596322
0.679197
0.540139
0.706987
0.520267
0.648359
0.654081
0.614929
0.65291
0.677485
0.610421
0.514187
0.668198
0.660951
0.685175
0.631741
0.527043
0.658685
0.59466
0.698053
0.607232
0.752837
0.518538
0.669606
0.581287
0.713901
0.529318
0.60809
0.624191
0.698158
0.627382
0.607293
0.735177
0.688733
0.673323
0.6159
0.656968
0.609237
0.647486
0.653494
0.716443
0.672893
0.558685
0.626997
0.427302
0.598489
0.710803
0.562904
0.627185
0.636073
0.583627
0.614175
0.559976
0.658952
0.615625
0.595171
0.666525
0.616911
0.60913
0.580315
0.647631
0.557062
0.620984
0.658065
0.623878
0.582269
0.62806
0.614137
0.658027
0.529032
0.600502
0.59245
0.669756
0.545345
0.544497
0.636308
0.661531
0.656869
0.541284
0.72098
0.636845
0.591612
0.680879
0.732754
0.627756
0.548306
0.66557
0.703599
0.709582
0.435558
0.581201
0.467991
0.58973
0.63922
0.642428
0.642381
0.531963
0.609714
0.628936
0.697784
0.562143
0.66094
0.517166
0.643678
0.534753
0.611534
0.602636
0.591206
0.614695
0.627481
0.59516
0.574879
0.630275
0.71538
0.644948
0.652988
0.501963
0.677379
0.601891
0.607232
0.652798
0.720476
0.478236
0.653222
0.502655
0.655789
0.53098
0.597516
0.597677
0.738054
0.654773
0.57551
0.713839
0.66654
0.656889
0.632106
0.623342
0.556101
0.667925
0.617106
0.638599
0.646792
0.666219
0.701533
0.596109
0.714658
0.790364
0.621022
0.719727
0.734057
0.671924
0.750842
0.652276
0.742306
0.7511
0.714599
0.814899
0.719214
0.714141
0.670894
0.796444
0.687897
0.701812
0.710048
0.710642
0.63538
0.750806
0.738463
0.782525
0.577588
0.694568
0.670851
0.718793
0.630601
0.694703
0.749671
0.775653
0.804929
0.665984
0.8352
0.738812
0.772336
0.743007
0.727974
0.731903
0.635736
0.740448
0.812639
0.761047
0.566218
0.729526
0.64242
0.680707
0.758784
0.74582
0.824405
0.671988
0.717621
0.717874
0.799798
0.694716
0.779448
0.633525
0.751126
0.652273
0.703595
0.723006
0.67832
0.708682
0.777466
0.709925
0.65663
0.721973
0.8016
0.7512
0.75664
0.645671
0.777116
0.752934
0.752837
0.720476
0.891819
0.586504
0.761911
0.650179
0.762599
0.60601
0.774381
0.720765
0.821114
0.752617
0.703142
0.837401
0.772336
0.756408
0.670111
0.733879
0.701053
0.776548
0.710472
0.771689
0.768821
0.501901
0.505981
0.352447
0.481042
0.570871
0.476996
0.51907
0.588415
0.467777
0.532114
0.452517
0.542579
0.544613
0.513228
0.520684
0.495899
0.510097
0.456537
0.528573
0.487019
0.533105
0.53947
0.569593
0.401722
0.50175
0.519049
0.566915
0.422444
0.541303
0.466755
0.523088
0.429856
0.477661
0.547633
0.533896
0.562036
0.409916
0.649455
0.498854
0.57103
0.516028
0.586326
0.554049
0.482662
0.549757
0.654949
0.606402
0.375854
0.543731
0.425267
0.463478
0.567687
0.544061
0.579116
0.459013
0.581461
0.541891
0.632941
0.440863
0.578617
0.444645
0.600639
0.402051
0.514709
0.536144
0.532965
0.595177
0.561094
0.5049
0.462637
0.521916
0.582227
0.55481
0.523065
0.424726
0.565477
0.521954
0.518538
0.478236
0.586504
0.428922
0.517326
0.434272
0.573413
0.412258
0.545009
0.514894
0.653443
0.515262
0.52798
0.639779
0.567056
0.530664
0.471045
0.462782
0.440757
0.524314
0.514334
0.554038
0.558831
0.603855
0.659475
0.4565
0.598213
0.742045
0.641992
0.599807
0.694748
0.628376
0.668244
0.53184
0.640221
0.629021
0.641209
0.702255
0.607494
0.627806
0.574488
0.653944
0.656542
0.634422
0.687436
0.709819
0.543586
0.593672
0.645387
0.684746
0.509728
0.634044
0.604257
0.60019
0.584883
0.611852
0.63809
0.680941
0.711282
0.564736
0.720761
0.66624
0.672039
0.651416
0.716589
0.649617
0.5802
0.708295
0.715436
0.710557
0.496856
0.700067
0.549153
0.654821
0.651424
0.702618
0.738059
0.602146
0.692007
0.616383
0.742039
0.593857
0.677433
0.569799
0.698853
0.567521
0.623081
0.616283
0.617137
0.707866
0.642576
0.60189
0.574573
0.648096
0.708813
0.656032
0.631924
0.528998
0.697992
0.657358
0.669606
0.653222
0.761911
0.517326
0.698053
0.568819
0.714779
0.542816
0.673145
0.645057
0.752772
0.663286
0.61542
0.742407
0.670327
0.665838
0.622109
0.600473
0.573724
0.648408
0.675983
0.700479
0.68289
0.535616
0.521374
0.408383
0.540904
0.65851
0.523452
0.554423
0.612503
0.519013
0.583622
0.539931
0.530431
0.551218
0.561853
0.640712
0.565995
0.514718
0.5123
0.604468
0.53419
0.555606
0.575394
0.593343
0.494359
0.550548
0.602194
0.629312
0.450254
0.582261
0.544422
0.546634
0.51823
0.51497
0.578206
0.625276
0.623828
0.506264
0.681202
0.600811
0.560954
0.523009
0.604816
0.620264
0.495668
0.616488
0.639157
0.667362
0.376871
0.590585
0.48615
0.464064
0.603262
0.572647
0.633797
0.531394
0.596699
0.579102
0.651983
0.463768
0.597182
0.42703
0.598588
0.469253
0.540111
0.522708
0.565876
0.60858
0.539972
0.516724
0.530927
0.604907
0.616307
0.575102
0.578694
0.489374
0.614164
0.516413
0.581287
0.502655
0.650179
0.434272
0.568819
0.528302
0.664791
0.480592
0.57282
0.569237
0.664652
0.559151
0.517829
0.673104
0.619505
0.575166
0.576892
0.549095
0.531451
0.56967
0.560882
0.618161
0.620329
0.640341
0.671216
0.510863
0.654554
0.76879
0.641547
0.650255
0.713615
0.663361
0.696895
0.630643
0.660051
0.664486
0.70625
0.785229
0.663763
0.662867
0.61319
0.746107
0.655151
0.653861
0.704087
0.727467
0.580781
0.673805
0.668709
0.768686
0.547294
0.704672
0.649573
0.707147
0.566821
0.585807
0.694679
0.741586
0.744346
0.578552
0.793712
0.696811
0.704368
0.686886
0.73434
0.711188
0.636075
0.716368
0.770833
0.800827
0.518946
0.715666
0.601139
0.658841
0.674315
0.680987
0.785523
0.628755
0.70127
0.679451
0.755469
0.593616
0.73985
0.62958
0.748332
0.624138
0.651843
0.653908
0.689233
0.729432
0.706606
0.683008
0.608635
0.711238
0.751927
0.731142
0.726782
0.577255
0.699626
0.668886
0.713901
0.655789
0.762599
0.573413
0.714779
0.664791
0.8
0.591577
0.711914
0.671736
0.769732
0.682311
0.662918
0.809683
0.726144
0.732207
0.672697
0.719338
0.647608
0.686092
0.700572
0.785685
0.740804
0.52647
0.520656
0.458153
0.522052
0.572892
0.500822
0.573674
0.567875
0.524936
0.53522
0.455766
0.591056
0.508981
0.549249
0.616194
0.540756
0.515436
0.463076
0.595344
0.492596
0.499557
0.545878
0.576146
0.443446
0.51798
0.577815
0.614384
0.406854
0.558152
0.472041
0.556311
0.438347
0.506419
0.509941
0.585314
0.537822
0.452749
0.614261
0.523083
0.541907
0.597232
0.593435
0.565509
0.471024
0.596196
0.623588
0.595437
0.420491
0.563105
0.49099
0.495845
0.540703
0.564688
0.587714
0.487783
0.55917
0.54356
0.632481
0.485855
0.609253
0.442163
0.618243
0.457682
0.553844
0.541789
0.512355
0.570637
0.530715
0.510536
0.487776
0.603291
0.600521
0.594558
0.559302
0.485378
0.53549
0.560852
0.529318
0.53098
0.60601
0.412258
0.542816
0.480592
0.591577
0.505891
0.520191
0.547585
0.663363
0.488515
0.461524
0.592427
0.597676
0.581404
0.541177
0.519927
0.509256
0.578701
0.558908
0.623941
0.559569
0.61335
0.626153
0.483135
0.627148
0.687838
0.626876
0.655039
0.695461
0.574833
0.680532
0.560531
0.672386
0.624292
0.705284
0.723179
0.663242
0.658622
0.603537
0.665017
0.592062
0.668871
0.639961
0.652647
0.597111
0.613811
0.662772
0.733827
0.534806
0.60746
0.65549
0.709613
0.571348
0.601521
0.631274
0.733934
0.68284
0.615948
0.788652
0.673224
0.698013
0.715002
0.712164
0.667612
0.605212
0.674524
0.754983
0.725953
0.485112
0.617789
0.571656
0.637352
0.652328
0.657276
0.737683
0.610284
0.657297
0.612745
0.720166
0.595689
0.706466
0.604259
0.70477
0.568371
0.672335
0.63803
0.600116
0.674001
0.694705
0.646369
0.602724
0.637248
0.734302
0.709616
0.631197
0.556308
0.676888
0.648082
0.60809
0.597516
0.774381
0.545009
0.673145
0.57282
0.711914
0.520191
0.748441
0.628592
0.797976
0.635078
0.653969
0.790448
0.713751
0.71722
0.681281
0.627837
0.587078
0.701353
0.652871
0.734581
0.725975
0.546713
0.591089
0.43057
0.593525
0.71149
0.535959
0.600868
0.657231
0.594714
0.651472
0.542126
0.61357
0.607326
0.634044
0.63355
0.637349
0.503274
0.554249
0.610263
0.615447
0.597394
0.593012
0.63348
0.553396
0.602967
0.643848
0.666949
0.500978
0.625092
0.561726
0.672816
0.516834
0.521443
0.595763
0.662542
0.610615
0.562207
0.696824
0.649724
0.697271
0.629288
0.64395
0.649513
0.495474
0.658028
0.707169
0.735737
0.454335
0.637475
0.508305
0.572334
0.619864
0.617386
0.688232
0.578584
0.627996
0.595855
0.750788
0.55814
0.651911
0.578153
0.632946
0.513889
0.646123
0.622002
0.566833
0.631206
0.61875
0.577211
0.605918
0.631404
0.70371
0.635472
0.633446
0.509197
0.649792
0.587963
0.624191
0.597677
0.720765
0.514894
0.645057
0.569237
0.671736
0.547585
0.628592
0.66717
0.709877
0.631422
0.579735
0.741719
0.624735
0.676012
0.601586
0.571177
0.586663
0.614103
0.639866
0.723442
0.658037
0.713641
0.762901
0.608361
0.699974
0.808005
0.698333
0.751351
0.757082
0.707603
0.702068
0.661681
0.757535
0.758713
0.763323
0.782891
0.745179
0.705385
0.698051
0.80244
0.745839
0.700516
0.762634
0.789355
0.639582
0.754966
0.76112
0.799822
0.605491
0.76096
0.711199
0.728058
0.662915
0.675315
0.770661
0.813201
0.741535
0.655666
0.841721
0.773618
0.744463
0.765924
0.80705
0.725533
0.656746
0.793436
0.852485
0.813154
0.608316
0.768872
0.663459
0.73678
0.734052
0.761669
0.817614
0.697993
0.743236
0.69898
0.844139
0.650446
0.814443
0.672942
0.774631
0.658252
0.776713
0.7527
0.689641
0.761373
0.77901
0.727241
0.717181
0.767648
0.789171
0.787867
0.748918
0.665659
0.781998
0.767212
0.698158
0.738054
0.821114
0.653443
0.752772
0.664652
0.769732
0.663363
0.797976
0.709877
0.926263
0.737209
0.731579
0.884356
0.778862
0.770245
0.738993
0.701088
0.684372
0.773678
0.740594
0.774928
0.827345
0.507357
0.615451
0.476716
0.582402
0.679165
0.602523
0.618717
0.663039
0.611279
0.607351
0.57893
0.622026
0.603539
0.666692
0.671561
0.63498
0.600797
0.598596
0.645113
0.637106
0.636814
0.648766
0.682549
0.543472
0.632906
0.670149
0.734017
0.503885
0.587531
0.569766
0.653799
0.532154
0.537538
0.62748
0.670386
0.708163
0.52557
0.717624
0.65738
0.654496
0.672046
0.66813
0.66091
0.563726
0.639012
0.722662
0.705817
0.497168
0.622461
0.523128
0.594677
0.648008
0.619637
0.673783
0.529713
0.638742
0.613695
0.726649
0.576632
0.648778
0.576399
0.679312
0.4991
0.616822
0.640569
0.613133
0.626914
0.6328
0.597287
0.55997
0.598629
0.695901
0.682808
0.642347
0.513265
0.661065
0.627378
0.627382
0.654773
0.752617
0.515262
0.663286
0.559151
0.682311
0.488515
0.635078
0.631422
0.737209
0.670103
0.612839
0.75135
0.67326
0.702097
0.601165
0.590717
0.547159
0.637286
0.640121
0.674929
0.695055
0.593848
0.591287
0.477595
0.591649
0.712937
0.627331
0.610511
0.613762
0.558743
0.586606
0.522393
0.662263
0.565753
0.640532
0.730365
0.618809
0.59532
0.563821
0.645947
0.605264
0.571434
0.582285
0.626372
0.5051
0.583792
0.639178
0.641336
0.500583
0.597549
0.611548
0.637546
0.536038
0.590607
0.575294
0.652664
0.63586
0.529519
0.690251
0.619481
0.593096
0.687905
0.651977
0.683132
0.547436
0.6463
0.723894
0.678139
0.463668
0.608896
0.520631
0.552804
0.590394
0.659074
0.656431
0.539986
0.618116
0.572156
0.661403
0.549102
0.649986
0.522168
0.690841
0.510725
0.654077
0.602559
0.62222
0.662984
0.622071
0.556467
0.561172
0.592321
0.670306
0.623292
0.602486
0.510983
0.660974
0.585099
0.607293
0.57551
0.703142
0.52798
0.61542
0.517829
0.662918
0.461524
0.653969
0.579735
0.731579
0.612839
0.64055
0.719956
0.647187
0.658547
0.56334
0.582168
0.544899
0.64131
0.608117
0.694353
0.654901
0.718272
0.657402
0.591409
0.694566
0.800443
0.712938
0.767645
0.805397
0.728552
0.80526
0.681955
0.761999
0.69175
0.751623
0.836918
0.784301
0.709305
0.681163
0.761953
0.735533
0.779019
0.777354
0.714722
0.667506
0.738723
0.775011
0.815277
0.669656
0.767153
0.685636
0.750287
0.637664
0.697583
0.781932
0.77868
0.779649
0.711351
0.85842
0.740299
0.788536
0.770127
0.805924
0.78653
0.679365
0.760162
0.821933
0.812166
0.629157
0.762961
0.61594
0.699085
0.739564
0.80022
0.809059
0.687162
0.791341
0.734605
0.851038
0.700463
0.79142
0.689792
0.787073
0.637329
0.789063
0.765173
0.721513
0.775318
0.784619
0.721724
0.690992
0.731849
0.8321
0.809017
0.752281
0.608967
0.796561
0.68915
0.735177
0.713839
0.837401
0.639779
0.742407
0.673104
0.809683
0.592427
0.790448
0.741719
0.884356
0.75135
0.719956
0.926648
0.754697
0.764297
0.773979
0.742298
0.655991
0.764183
0.739862
0.827633
0.827247
0.633109
0.647592
0.508556
0.683569
0.726633
0.660701
0.635278
0.750807
0.650444
0.665554
0.544328
0.702388
0.704137
0.659785
0.727659
0.670531
0.628724
0.620871
0.6863
0.644957
0.694845
0.657759
0.716685
0.579805
0.63863
0.680969
0.721444
0.583867
0.682399
0.625822
0.673933
0.574433
0.585489
0.696496
0.677282
0.633766
0.609884
0.770034
0.711841
0.736304
0.727156
0.724839
0.69657
0.564027
0.710246
0.731287
0.766921
0.493135
0.672467
0.588799
0.664506
0.695868
0.688151
0.74075
0.574281
0.671883
0.645711
0.730799
0.653843
0.668899
0.641545
0.706219
0.565943
0.667282
0.66277
0.611602
0.719387
0.712373
0.694039
0.605166
0.692263
0.739604
0.688521
0.715298
0.63215
0.69857
0.647513
0.688733
0.66654
0.772336
0.567056
0.670327
0.619505
0.726144
0.597676
0.713751
0.624735
0.778862
0.67326
0.647187
0.754697
0.784148
0.765224
0.641199
0.64943
0.593583
0.671141
0.668958
0.744399
0.734242
0.624767
0.620351
0.528107
0.648482
0.753048
0.640431
0.657807
0.703708
0.641279
0.715954
0.618478
0.668316
0.63153
0.714526
0.776621
0.646521
0.64587
0.617515
0.704878
0.622624
0.656109
0.68553
0.690523
0.555795
0.683739
0.71704
0.761658
0.579054
0.674669
0.611306
0.660821
0.59741
0.618398
0.702272
0.718619
0.724887
0.626375
0.796674
0.676854
0.682849
0.695552
0.722687
0.688018
0.660044
0.743588
0.785454
0.781509
0.538475
0.655051
0.603965
0.61543
0.675133
0.678826
0.717333
0.588885
0.657057
0.622244
0.765909
0.626796
0.732952
0.619576
0.73338
0.587253
0.680491
0.694541
0.662646
0.680579
0.708371
0.623953
0.666993
0.686947
0.715046
0.680682
0.687577
0.570689
0.679968
0.662388
0.673323
0.656889
0.756408
0.530664
0.665838
0.575166
0.732207
0.581404
0.71722
0.676012
0.770245
0.702097
0.658547
0.764297
0.765224
0.784655
0.662502
0.666039
0.635448
0.723436
0.687249
0.700323
0.699556
0.559851
0.58409
0.426068
0.604584
0.67474
0.562623
0.586708
0.658935
0.610895
0.671272
0.516954
0.631802
0.563752
0.634134
0.655954
0.587707
0.58933
0.526778
0.615034
0.578449
0.59917
0.60258
0.690949
0.519437
0.630364
0.629986
0.707054
0.503043
0.589011
0.556893
0.658043
0.518543
0.548055
0.609485
0.645499
0.646533
0.526035
0.701687
0.635303
0.609563
0.685812
0.675243
0.632309
0.573756
0.666799
0.733428
0.65937
0.471859
0.64473
0.536575
0.576105
0.604464
0.61193
0.692474
0.595616
0.634368
0.609858
0.66768
0.565683
0.658974
0.577471
0.667392
0.506825
0.599287
0.638878
0.587343
0.619938
0.621319
0.518058
0.579679
0.559362
0.712961
0.631281
0.616909
0.551099
0.661132
0.59417
0.6159
0.632106
0.670111
0.471045
0.622109
0.576892
0.672697
0.541177
0.681281
0.601586
0.738993
0.601165
0.56334
0.773979
0.641199
0.662502
0.647742
0.571217
0.571714
0.63082
0.629675
0.648947
0.642458
0.586286
0.600565
0.477587
0.564176
0.671823
0.566589
0.584108
0.660358
0.557782
0.660845
0.533215
0.58467
0.610664
0.590096
0.72598
0.586131
0.569353
0.556451
0.632736
0.588083
0.603012
0.653326
0.614819
0.517729
0.603075
0.617069
0.687402
0.501713
0.5933
0.622296
0.608062
0.523521
0.552097
0.625401
0.704437
0.72212
0.553878
0.720049
0.58655
0.695048
0.672016
0.661714
0.608617
0.543609
0.674915
0.759982
0.702395
0.441907
0.654337
0.502299
0.568149
0.647059
0.661891
0.660962
0.572379
0.642712
0.609083
0.70632
0.594518
0.686346
0.574761
0.66111
0.515168
0.627326
0.62938
0.58523
0.620724
0.627672
0.608329
0.545316
0.594359
0.656692
0.65427
0.690193
0.534383
0.65925
0.577376
0.656968
0.623342
0.733879
0.462782
0.600473
0.549095
0.719338
0.519927
0.627837
0.571177
0.701088
0.590717
0.582168
0.742298
0.64943
0.666039
0.571217
0.652184
0.509765
0.642954
0.589985
0.716603
0.679207
0.537656
0.568299
0.412231
0.531306
0.652324
0.53035
0.531898
0.610513
0.536343
0.549578
0.5405
0.592043
0.558557
0.554437
0.630142
0.564915
0.539223
0.512901
0.603626
0.534288
0.555531
0.62418
0.604649
0.489677
0.569617
0.585536
0.617865
0.429493
0.56611
0.564844
0.554616
0.479425
0.528861
0.611116
0.632192
0.617117
0.515455
0.657441
0.595482
0.612431
0.584341
0.609199
0.606307
0.44635
0.621824
0.684773
0.666236
0.406836
0.558221
0.458309
0.471423
0.574955
0.574941
0.604338
0.560416
0.578414
0.566201
0.624179
0.5381
0.639575
0.534765
0.60085
0.477387
0.580916
0.611259
0.52243
0.581925
0.589085
0.522409
0.514928
0.569498
0.609897
0.640011
0.561964
0.501473
0.559043
0.506533
0.609237
0.556101
0.701053
0.440757
0.573724
0.531451
0.647608
0.509256
0.587078
0.586663
0.684372
0.547159
0.544899
0.655991
0.593583
0.635448
0.571714
0.509765
0.53478
0.584012
0.577916
0.675048
0.62806
0.631519
0.631922
0.517953
0.657556
0.714126
0.602941
0.604637
0.704134
0.64672
0.69341
0.555273
0.651774
0.683287
0.679106
0.693103
0.606593
0.649396
0.60174
0.662413
0.625391
0.620524
0.643476
0.693144
0.604135
0.648979
0.683638
0.739052
0.560659
0.677255
0.620125
0.664912
0.534938
0.606996
0.744707
0.711324
0.661691
0.562224
0.790188
0.66609
0.722651
0.685418
0.710899
0.662865
0.577682
0.727769
0.761324
0.756674
0.507584
0.655469
0.510266
0.627739
0.654275
0.677259
0.701779
0.590358
0.69986
0.611672
0.726044
0.601373
0.671743
0.577813
0.706854
0.567452
0.621754
0.646909
0.599729
0.660266
0.673969
0.663517
0.611548
0.651713
0.683079
0.687326
0.646656
0.560211
0.707289
0.689734
0.647486
0.667925
0.776548
0.524314
0.648408
0.56967
0.686092
0.578701
0.701353
0.614103
0.773678
0.637286
0.64131
0.764183
0.671141
0.723436
0.63082
0.642954
0.584012
0.742268
0.658045
0.718732
0.722775
0.592701
0.612589
0.48934
0.613546
0.730595
0.611323
0.665436
0.683691
0.577236
0.666569
0.569629
0.620553
0.635787
0.646123
0.746896
0.654503
0.625134
0.570374
0.680671
0.596954
0.614548
0.6238
0.655122
0.531573
0.63575
0.669187
0.738827
0.502876
0.636257
0.592478
0.610149
0.559501
0.576181
0.652542
0.682828
0.699215
0.573307
0.725231
0.638861
0.670933
0.680082
0.672498
0.665825
0.551409
0.671284
0.680938
0.699957
0.486488
0.623104
0.532475
0.593334
0.619121
0.662655
0.687394
0.583294
0.660182
0.659232
0.763155
0.53846
0.727421
0.565514
0.687263
0.52387
0.645274
0.615264
0.63979
0.624788
0.638298
0.632078
0.539839
0.586418
0.672954
0.680774
0.641496
0.578258
0.699342
0.597714
0.653494
0.617106
0.710472
0.514334
0.675983
0.560882
0.700572
0.558908
0.652871
0.639866
0.740594
0.640121
0.608117
0.739862
0.668958
0.687249
0.629675
0.589985
0.577916
0.658045
0.697402
0.707525
0.658156
0.633351
0.679764
0.529517
0.701189
0.740791
0.664945
0.699987
0.761368
0.69678
0.7046
0.606503
0.749918
0.680295
0.732542
0.769386
0.699495
0.644037
0.590384
0.701333
0.651796
0.622241
0.675931
0.736081
0.644021
0.713522
0.739203
0.78829
0.613386
0.689809
0.69017
0.70161
0.608656
0.650062
0.67749
0.749232
0.726152
0.585011
0.799215
0.717425
0.719067
0.729958
0.770021
0.756061
0.591924
0.73072
0.803064
0.779861
0.503738
0.695676
0.576424
0.633069
0.725326
0.747971
0.75255
0.608135
0.713078
0.700289
0.792329
0.661689
0.688539
0.621289
0.742881
0.56895
0.662895
0.674492
0.613802
0.717575
0.719764
0.687234
0.710766
0.714489
0.79164
0.728143
0.713107
0.607353
0.719352
0.622603
0.716443
0.638599
0.771689
0.554038
0.700479
0.618161
0.785685
0.623941
0.734581
0.723442
0.774928
0.674929
0.694353
0.827633
0.744399
0.700323
0.648947
0.716603
0.675048
0.718732
0.707525
0.831445
0.772621
0.620998
0.654942
0.521703
0.658914
0.725524
0.676589
0.706761
0.753771
0.605284
0.719709
0.644094
0.725584
0.685847
0.714632
0.717112
0.69781
0.629403
0.613814
0.769402
0.664274
0.694163
0.689149
0.720696
0.574746
0.694912
0.692823
0.7295
0.546225
0.704131
0.65158
0.66714
0.583686
0.609548
0.638126
0.696164
0.752232
0.595329
0.816021
0.710807
0.698833
0.713017
0.716743
0.751794
0.637635
0.763713
0.738954
0.753471
0.557868
0.680126
0.607933
0.626227
0.681524
0.700863
0.731056
0.644263
0.722035
0.687858
0.803284
0.631574
0.755867
0.61582
0.795097
0.571684
0.690595
0.677003
0.666971
0.746202
0.733394
0.682242
0.599267
0.726848
0.760848
0.767833
0.672656
0.624097
0.740382
0.658399
0.672893
0.646792
0.768821
0.558831
0.68289
0.620329
0.740804
0.559569
0.725975
0.658037
0.827345
0.695055
0.654901
0.827247
0.734242
0.699556
0.642458
0.679207
0.62806
0.722775
0.658156
0.772621
0.8
