0.100402	0.350487	34.7688
0.429528	0.363838	1.97208
0.404146	0.189173	1.1582
0.404372	0.190801	1.16686
0.25384	0.184782	2.86774
0.249146	0.183148	2.95048
0.266163	0.184022	2.59761
0.272493	0.182046	2.45172
0.152933	0.376591	16.1015
0.131729	0.374815	21.6002
0.158363	0.373154	14.8793
0.148403	0.375005	17.0274
0.165503	0.371606	13.5665
0.144915	0.397934	18.9489
0.164817	0.396483	14.5955
0.265546	0.172588	2.44754
0.27952	0.169875	2.17421
0.26796	0.175111	2.43878
0.161285	0.372756	14.3297
0.136444	0.372922	20.0314
0.141887	0.361691	17.966
0.155476	0.367472	15.2018
0.150802	0.372074	16.3613
0.150802	0.372074	16.3613
0.151428	0.370012	16.1362
0.151428	0.370012	16.1362
0.151162	0.374506	16.3898
0.151162	0.374506	16.3898
0.131423	0.376103	21.7751
0.137227	0.388281	20.619
0.141111	0.373053	18.7347
0.141317	0.357706	17.9118
0.130555	0.37591	22.0545
0.132186	0.353093	20.2077
0.131733	0.35708	20.5768
0.145558	0.391101	18.4593
0.125361	0.36013	22.9159
0.15115	0.366625	16.0474
0.143291	0.376058	18.3153
0.16816	0.382675	13.5327
0.145424	0.373694	17.6703
0.163697	0.372845	13.9139
0.132389	0.36334	20.7306
0.170844	0.353921	12.1257
0.142425	0.365657	18.0262
0.165045	0.357728	13.1326
0.163376	0.358405	13.4276
0.125436	0.359846	22.8704
0.152013	0.365446	15.8148
0.157829	0.353679	14.1982
0.416638	0.344731	1.98592
0.408748	0.194846	1.16622
0.42636	0.180858	0.994913
0.416196	0.326785	1.88654
0.410976	0.347663	2.05839
0.45144	0.3207	1.57362
0.417848	0.187086	1.07153
0.426586	0.192668	1.05876
0.432602	0.198322	1.05973
0.262449	0.180442	2.61969
0.268182	0.18605	2.58684
0.421877	0.192573	1.08199
0.261794	0.182722	2.66607
0.159287	0.340986	13.4393
0.445325	0.323626	1.63189
0.281504	0.16691	2.10627
0.279329	0.165057	2.11544
0.274414	0.170557	2.26495
0.273835	0.168491	2.24698
0.278021	0.166201	2.15019
0.426336	0.190439	1.04774
0.193601	0.223578	5.96503
0.194525	0.229286	6.05937
0.200368	0.223963	5.57853
0.676006	0.168532	0.368791
0.727327	0.0819375	0.15489
6.98667e-306	0.373032	inf
1.25315e-304	0.37769	inf
3.35845e-307	0.365166	inf
4.28498e-308	0.374729	inf
4.28498e-308	0.169634	inf
