0.981964
0.911945
0.91622
0.913236
0.903684
0.910329
0.903026
0.926989
0.90536
0.893464
0.894983
0.894546
0.891404
0.899704
0.894795
0.895194
0.907276
0.881721
0.888863
0.897909
0.908268
0.903102
0.905092
0.899125
0.915491
0.900788
0.907149
0.907816
0.921416
0.891919
0.924687
0.915168
0.90002
0.894453
0.887576
0.889341
0.90136
0.905422
0.902181
0.896202
0.914699
0.900193
0.900915
0.910739
0.886295
0.91611
0.912141
0.888111
0.910678
0.911235
0.91724
0.908592
0.912084
0.899091
0.910549
0.896795
0.892338
0.901811
0.894577
0.894412
0.915112
0.904293
0.893009
0.902712
0.900563
0.909226
0.916253
0.899055
0.894724
0.898246
0.895378
0.879928
0.919914
0.907468
0.915544
0.927311
0.907554
0.906956
0.906444
0.918052
0.919165
0.90431
0.904206
0.897327
0.884107
0.909287
0.870109
0.905155
0.889067
0.907915
0.897302
0.908322
0.921235
0.895738
0.91458
0.899955
0.912782
0.897579
0.907769
0.893821
0.911945
0.999909
0.911484
0.923894
0.923561
0.906545
0.910711
0.913803
0.904916
0.911623
0.908203
0.921477
0.90934
0.908353
0.91802
0.907998
0.90632
0.899723
0.899974
0.89634
0.918326
0.918874
0.904695
0.909765
0.917143
0.919688
0.914567
0.914093
0.925799
0.904765
0.901689
0.899706
0.911803
0.909276
0.886277
0.915233
0.921487
0.910842
0.906535
0.909458
0.909675
0.8874
0.906216
0.903819
0.904806
0.920139
0.904517
0.908361
0.915421
0.919509
0.892313
0.915544
0.91685
0.893205
0.919978
0.908224
0.909579
0.918382
0.920434
0.906805
0.918321
0.9188
0.911237
0.911742
0.905823
0.909825
0.909012
0.92104
0.918791
0.91072
0.937046
0.928463
0.915699
0.894968
0.931489
0.926466
0.925058
0.911793
0.92714
0.897169
0.919681
0.90097
0.906583
0.911096
0.90801
0.919233
0.909694
0.908945
0.92076
0.902558
0.904733
0.917406
0.915342
0.918604
0.895739
0.911735
0.913854
0.903469
0.898755
0.904573
0.91622
0.911484
0.995929
0.922949
0.919066
0.900231
0.891093
0.910139
0.904305
0.909473
0.908495
0.905162
0.896645
0.917309
0.91043
0.896582
0.91178
0.921459
0.888633
0.891668
0.894744
0.914334
0.894189
0.902898
0.896579
0.921745
0.923075
0.911992
0.905595
0.907397
0.916209
0.909344
0.920089
0.899416
0.892468
0.899725
0.889523
0.896034
0.896402
0.91466
0.906729
0.920023
0.909956
0.910868
0.907236
0.901797
0.8882
0.907518
0.913486
0.914373
0.899967
0.916702
0.908756
0.888624
0.91014
0.908045
0.901075
0.910031
0.899724
0.91274
0.930598
0.909933
0.894161
0.908519
0.909292
0.917182
0.912718
0.89789
0.930894
0.911031
0.928518
0.910744
0.922866
0.916719
0.93098
0.914
0.915531
0.912393
0.920601
0.906107
0.899331
0.904133
0.89084
0.897269
0.904463
0.895401
0.902086
0.910542
0.897667
0.912521
0.912289
0.914622
0.922757
0.903594
0.894346
0.900781
0.898995
0.894177
0.916306
0.911992
0.913236
0.923894
0.922949
0.983191
0.890771
0.903974
0.891644
0.921684
0.912558
0.909261
0.923157
0.911937
0.911183
0.905
0.917963
0.923743
0.911859
0.892173
0.882951
0.879488
0.926348
0.923724
0.922842
0.901094
0.920503
0.913927
0.920526
0.899299
0.914863
0.904235
0.931033
0.925186
0.90109
0.90763
0.889339
0.903753
0.917948
0.907308
0.918213
0.91027
0.916848
0.919176
0.891437
0.907912
0.910302
0.909916
0.901985
0.899418
0.908684
0.912484
0.910305
0.927837
0.905735
0.89686
0.91079
0.906108
0.911654
0.909106
0.908382
0.921475
0.899648
0.920396
0.898553
0.918554
0.905267
0.924369
0.915929
0.893707
0.919321
0.885405
0.919679
0.895968
0.900975
0.896209
0.926646
0.897867
0.906555
0.918985
0.88564
0.919728
0.906261
0.907983
0.890594
0.899077
0.920899
0.900102
0.904393
0.935939
0.902943
0.91903
0.890807
0.930253
0.914621
0.919985
0.892824
0.906354
0.91835
0.899044
0.90669
0.902516
0.903684
0.923561
0.919066
0.890771
0.986119
0.906325
0.913447
0.903094
0.908042
0.902303
0.913305
0.904085
0.903578
0.907639
0.900434
0.920124
0.917667
0.910238
0.891141
0.901816
0.910065
0.908949
0.91525
0.905781
0.913115
0.918201
0.901195
0.894875
0.91251
0.908975
0.904766
0.909788
0.91128
0.904178
0.888933
0.90358
0.895891
0.89873
0.890052
0.907037
0.925164
0.909151
0.901215
0.914555
0.913396
0.921948
0.902517
0.899396
0.895087
0.92554
0.925863
0.916031
0.906862
0.88904
0.909956
0.914854
0.915525
0.903676
0.909352
0.907779
0.905424
0.919974
0.921409
0.920365
0.903229
0.929349
0.909623
0.903067
0.89928
0.897726
0.903258
0.912632
0.92328
0.883242
0.93219
0.919908
0.909171
0.899637
0.929983
0.906545
0.894957
0.924877
0.901768
0.903146
0.878807
0.884295
0.873126
0.909427
0.916911
0.891646
0.904179
0.923168
0.89992
0.893231
0.902862
0.906612
0.89559
0.879373
0.91901
0.892324
0.910329
0.906545
0.900231
0.903974
0.906325
0.989327
0.890838
0.91005
0.898067
0.87799
0.913594
0.908971
0.889416
0.904402
0.916299
0.908718
0.918122
0.896892
0.905936
0.873726
0.910089
0.927222
0.897653
0.898212
0.894921
0.905164
0.910236
0.909442
0.908521
0.88607
0.919533
0.913023
0.915747
0.888455
0.867001
0.900736
0.873575
0.895988
0.903463
0.907751
0.890672
0.909532
0.906383
0.903204
0.895726
0.895695
0.894836
0.90049
0.902487
0.898515
0.894832
0.911107
0.910497
0.884714
0.903265
0.903963
0.898078
0.928314
0.911623
0.907562
0.889256
0.902485
0.909865
0.9174
0.912409
0.916548
0.899055
0.908125
0.914443
0.880429
0.917122
0.901244
0.896479
0.904373
0.900048
0.899703
0.905799
0.914645
0.914454
0.893764
0.894543
0.906511
0.899852
0.901421
0.908883
0.901703
0.895035
0.900854
0.911224
0.904072
0.903445
0.914386
0.930035
0.906711
0.895687
0.912688
0.894868
0.885138
0.899126
0.898493
0.903026
0.910711
0.891093
0.891644
0.913447
0.890838
0.974173
0.910814
0.899578
0.902095
0.89876
0.905019
0.908944
0.911424
0.908231
0.905719
0.917868
0.887141
0.888364
0.896277
0.914098
0.913451
0.916558
0.908472
0.902712
0.921023
0.910119
0.912434
0.904729
0.886886
0.917508
0.911761
0.901125
0.896911
0.883699
0.906004
0.903616
0.902012
0.894236
0.910261
0.916251
0.903257
0.897588
0.930473
0.899444
0.907352
0.911897
0.918509
0.908599
0.901119
0.900888
0.908794
0.905246
0.901219
0.911548
0.894672
0.894719
0.909022
0.902882
0.917837
0.911373
0.887831
0.896481
0.900879
0.90658
0.923761
0.906581
0.867639
0.912599
0.88267
0.909767
0.88697
0.916531
0.892755
0.911713
0.904733
0.906747
0.89918
0.909557
0.918694
0.901741
0.905261
0.895463
0.895997
0.900727
0.891246
0.901761
0.891653
0.907967
0.9069
0.900796
0.904334
0.911108
0.894932
0.883961
0.903286
0.913005
0.891356
0.911866
0.916936
0.926989
0.913803
0.910139
0.921684
0.903094
0.91005
0.910814
0.999814
0.89944
0.897544
0.910994
0.917588
0.900639
0.905431
0.89519
0.923527
0.912453
0.907251
0.890398
0.907015
0.906579
0.90726
0.910642
0.897061
0.912136
0.899064
0.907073
0.902363
0.920991
0.901322
0.912919
0.889924
0.919249
0.893482
0.898168
0.902092
0.912786
0.909713
0.901974
0.902072
0.906444
0.919713
0.892329
0.910524
0.897796
0.911777
0.921437
0.908785
0.907901
0.907051
0.905681
0.905183
0.907446
0.884111
0.92565
0.902071
0.909952
0.91336
0.90924
0.902527
0.907024
0.898055
0.916583
0.903862
0.915682
0.911345
0.909016
0.912021
0.908647
0.889599
0.918261
0.907952
0.897593
0.894863
0.931279
0.907546
0.908069
0.894273
0.906743
0.916068
0.907663
0.901629
0.926213
0.900418
0.890406
0.894786
0.908293
0.907731
0.912256
0.918202
0.91602
0.925714
0.910299
0.901044
0.889666
0.905678
0.905515
0.894038
0.917761
0.913344
0.90536
0.904916
0.904305
0.912558
0.908042
0.898067
0.899578
0.89944
0.976237
0.903815
0.913766
0.900701
0.87189
0.903125
0.898771
0.900745
0.906305
0.899294
0.897153
0.90353
0.902328
0.905501
0.888248
0.903856
0.900177
0.913157
0.886166
0.89731
0.893146
0.896209
0.902036
0.895121
0.900286
0.899064
0.876047
0.890439
0.888386
0.879423
0.893696
0.89402
0.877103
0.901775
0.890919
0.917078
0.884402
0.893624
0.894672
0.897789
0.880438
0.904956
0.881942
0.896604
0.88761
0.881292
0.899731
0.887325
0.880773
0.876815
0.891637
0.892461
0.899998
0.882836
0.892925
0.880879
0.89138
0.91186
0.893611
0.895128
0.887188
0.876072
0.912766
0.873251
0.906944
0.882561
0.909555
0.900482
0.888262
0.886466
0.892045
0.883812
0.904811
0.892743
0.892244
0.886131
0.90369
0.881752
0.890965
0.898061
0.892682
0.894043
0.900386
0.901458
0.902137
0.890825
0.897043
0.903544
0.891825
0.873127
0.895218
0.889273
0.893464
0.911623
0.909473
0.909261
0.902303
0.87799
0.902095
0.897544
0.903815
0.99274
0.907841
0.895774
0.893576
0.918029
0.910917
0.918371
0.905666
0.900303
0.900579
0.893353
0.913134
0.921903
0.920058
0.899002
0.919425
0.912601
0.910414
0.923695
0.90113
0.915043
0.911875
0.893182
0.914427
0.898772
0.882599
0.907528
0.887582
0.906669
0.911756
0.910807
0.891088
0.906543
0.916125
0.89679
0.909345
0.915241
0.900768
0.904178
0.904321
0.8993
0.903905
0.924435
0.895027
0.88811
0.924353
0.911012
0.908765
0.912141
0.900732
0.908132
0.913269
0.919567
0.896103
0.89621
0.908741
0.913443
0.890172
0.904113
0.904373
0.897273
0.896361
0.910419
0.887073
0.892798
0.905116
0.909213
0.918316
0.894659
0.923858
0.91961
0.91993
0.920992
0.902778
0.897025
0.888859
0.898809
0.903626
0.896851
0.907537
0.906095
0.922433
0.908609
0.91662
0.905855
0.901686
0.907417
0.876479
0.895665
0.913092
0.912911
0.894983
0.908203
0.908495
0.923157
0.913305
0.913594
0.89876
0.910994
0.913766
0.907841
0.964177
0.905998
0.912273
0.898617
0.898221
0.895297
0.932325
0.883338
0.891491
0.893544
0.903679
0.921088
0.903967
0.909328
0.913538
0.93141
0.920878
0.922243
0.909847
0.910402
0.909506
0.92077
0.887257
0.910311
0.875383
0.90202
0.91163
0.91013
0.913322
0.903486
0.911824
0.91179
0.889811
0.921971
0.931336
0.919467
0.899454
0.909564
0.916059
0.901495
0.907886
0.915831
0.903612
0.907381
0.905127
0.897038
0.900592
0.915627
0.899248
0.906556
0.919646
0.913315
0.895422
0.906756
0.909001
0.911068
0.91046
0.885725
0.895348
0.8971
0.907891
0.906617
0.908673
0.885694
0.924189
0.903257
0.910604
0.910012
0.912311
0.901627
0.900866
0.889987
0.905288
0.902912
0.870689
0.915143
0.914723
0.906718
0.911797
0.928183
0.907771
0.919916
0.903707
0.917417
0.902616
0.916741
0.897001
0.880391
0.904181
0.910045
0.894546
0.921477
0.905162
0.911937
0.904085
0.908971
0.905019
0.917588
0.900701
0.895774
0.905998
0.998521
0.892055
0.904312
0.921998
0.910267
0.910932
0.905723
0.892343
0.896749
0.897984
0.921628
0.910641
0.889021
0.902512
0.902068
0.901821
0.899958
0.899824
0.893319
0.916518
0.897271
0.912057
0.891335
0.895715
0.902397
0.898037
0.903471
0.897342
0.906745
0.904859
0.911209
0.898595
0.910201
0.890949
0.913204
0.88829
0.896844
0.910511
0.907495
0.869824
0.913782
0.903129
0.880208
0.907794
0.901664
0.906237
0.906103
0.915019
0.907995
0.887727
0.904521
0.903549
0.912746
0.90757
0.92128
0.924702
0.904061
0.908718
0.873063
0.913894
0.913551
0.90918
0.887848
0.922907
0.909123
0.885626
0.902992
0.91329
0.906833
0.886742
0.898817
0.903162
0.904727
0.883324
0.894517
0.883005
0.902822
0.898173
0.912049
0.902454
0.901154
0.917894
0.888952
0.906583
0.913527
0.890125
0.896264
0.905539
0.913734
0.891404
0.90934
0.896645
0.911183
0.903578
0.889416
0.908944
0.900639
0.87189
0.893576
0.912273
0.892055
0.975305
0.875682
0.89835
0.886775
0.914236
0.897665
0.886492
0.901488
0.888399
0.908307
0.899173
0.909634
0.909589
0.898752
0.884518
0.899789
0.904981
0.892607
0.907205
0.915285
0.903718
0.910163
0.892001
0.901926
0.895354
0.899063
0.882632
0.886547
0.901822
0.90233
0.905412
0.894021
0.911588
0.898115
0.893309
0.886439
0.892414
0.901472
0.8926
0.89907
0.908866
0.881141
0.892543
0.887163
0.894881
0.91942
0.9046
0.906844
0.909081
0.891325
0.881945
0.893093
0.902869
0.914719
0.897506
0.878381
0.918103
0.881081
0.91356
0.902189
0.889578
0.873036
0.916769
0.903588
0.897163
0.89233
0.889235
0.896957
0.894925
0.909479
0.900339
0.868068
0.896073
0.878064
0.891431
0.897992
0.88725
0.904385
0.897128
0.896254
0.887472
0.887036
0.89802
0.897427
0.887288
0.879042
0.902262
0.906521
0.899704
0.908353
0.917309
0.905
0.907639
0.904402
0.911424
0.905431
0.903125
0.918029
0.898617
0.904312
0.875682
0.996397
0.91431
0.915901
0.927826
0.888442
0.897057
0.893531
0.912123
0.913827
0.91409
0.896747
0.912559
0.913597
0.904329
0.893299
0.917608
0.91382
0.902092
0.933514
0.90028
0.911058
0.898235
0.89991
0.898596
0.92168
0.893226
0.897595
0.916327
0.907657
0.908837
0.91556
0.887747
0.903867
0.91526
0.902465
0.900081
0.905262
0.898218
0.905935
0.899295
0.892547
0.91928
0.904435
0.91383
0.910866
0.893284
0.893511
0.903548
0.906081
0.904767
0.889384
0.917094
0.9155
0.916738
0.900105
0.899623
0.893672
0.905585
0.91827
0.902206
0.886658
0.927584
0.917869
0.903089
0.897835
0.916963
0.928046
0.91048
0.914316
0.911228
0.89673
0.902722
0.893024
0.89793
0.896894
0.908065
0.902266
0.90399
0.906959
0.920073
0.918389
0.893759
0.912427
0.909315
0.886224
0.916134
0.910843
0.894795
0.91802
0.91043
0.917963
0.900434
0.916299
0.908231
0.89519
0.898771
0.910917
0.898221
0.921998
0.89835
0.91431
0.982425
0.903264
0.916486
0.895092
0.909345
0.890359
0.913453
0.907595
0.902028
0.893902
0.915828
0.913516
0.920849
0.908775
0.909273
0.895541
0.917585
0.914235
0.895817
0.896102
0.886605
0.904892
0.908244
0.890737
0.900426
0.90255
0.89629
0.91217
0.901849
0.910894
0.912371
0.915693
0.898601
0.906718
0.910728
0.908009
0.890383
0.918145
0.905207
0.900959
0.908066
0.888787
0.910535
0.89173
0.896117
0.909137
0.907871
0.913272
0.887557
0.921338
0.907756
0.93145
0.910633
0.906553
0.910111
0.880439
0.89998
0.905935
0.907619
0.889829
0.912586
0.902271
0.911843
0.900225
0.924961
0.907295
0.906588
0.922767
0.920146
0.897068
0.902635
0.897652
0.905094
0.904783
0.902677
0.917305
0.898688
0.913604
0.921592
0.895116
0.889636
0.911251
0.900459
0.883663
0.907302
0.920588
0.895194
0.907998
0.896582
0.923743
0.920124
0.908718
0.905719
0.923527
0.900745
0.918371
0.895297
0.910267
0.886775
0.915901
0.903264
0.999917
0.902871
0.89756
0.893909
0.919846
0.908648
0.910011
0.928276
0.909765
0.928962
0.916392
0.91599
0.914685
0.944898
0.901021
0.906358
0.903654
0.904844
0.921521
0.885322
0.924906
0.920862
0.912233
0.911873
0.909524
0.917756
0.921531
0.911879
0.913285
0.915922
0.900995
0.917978
0.899457
0.91305
0.920417
0.893961
0.904289
0.895823
0.894579
0.920082
0.912628
0.912304
0.916887
0.915
0.914564
0.915762
0.906914
0.924803
0.894031
0.912588
0.919858
0.907075
0.913955
0.90915
0.902231
0.92883
0.911403
0.917227
0.896763
0.916541
0.903272
0.895019
0.920484
0.923092
0.892845
0.891089
0.898715
0.922472
0.907698
0.892581
0.9025
0.905386
0.917604
0.91767
0.929544
0.917644
0.927407
0.904912
0.894578
0.898897
0.903109
0.901592
0.875286
0.919264
0.907227
0.907276
0.90632
0.91178
0.911859
0.917667
0.918122
0.917868
0.912453
0.906305
0.905666
0.932325
0.910932
0.914236
0.927826
0.916486
0.902871
0.99981
0.907702
0.911044
0.904197
0.901912
0.925885
0.905473
0.906802
0.906751
0.915635
0.923993
0.896035
0.916643
0.891219
0.932277
0.91664
0.909575
0.904061
0.891905
0.892741
0.913072
0.915421
0.914605
0.89822
0.920426
0.919711
0.905389
0.907568
0.904534
0.919346
0.913573
0.903367
0.890748
0.926926
0.904436
0.907987
0.903383
0.908575
0.912135
0.899502
0.905765
0.907618
0.902031
0.916454
0.917316
0.919408
0.914061
0.914638
0.909774
0.918577
0.920293
0.910939
0.919772
0.908987
0.910623
0.913731
0.908713
0.902625
0.914691
0.907508
0.916242
0.907967
0.921738
0.897605
0.923372
0.910482
0.918503
0.890365
0.908302
0.897619
0.891324
0.918216
0.89829
0.917132
0.911861
0.917251
0.907967
0.894942
0.911522
0.916437
0.906082
0.883764
0.917725
0.906255
0.881721
0.899723
0.921459
0.892173
0.910238
0.896892
0.887141
0.907251
0.899294
0.900303
0.883338
0.905723
0.897665
0.888442
0.895092
0.89756
0.907702
0.965234
0.884988
0.88018
0.893691
0.905035
0.90883
0.891216
0.91788
0.908207
0.899753
0.916363
0.894738
0.907415
0.892028
0.891382
0.909693
0.904389
0.891595
0.889151
0.888279
0.881296
0.893841
0.91027
0.91191
0.907452
0.878593
0.905315
0.899231
0.902912
0.902955
0.904446
0.908738
0.899019
0.904681
0.914571
0.891195
0.884723
0.903886
0.918804
0.915457
0.903498
0.893073
0.907357
0.90592
0.894167
0.915748
0.891645
0.892268
0.915254
0.922023
0.909379
0.903509
0.88291
0.917329
0.889414
0.913685
0.893678
0.921723
0.895932
0.907301
0.897781
0.914366
0.901491
0.905572
0.913472
0.906836
0.920291
0.895777
0.88797
0.893397
0.880379
0.906348
0.923687
0.897354
0.906901
0.908331
0.894485
0.887181
0.886207
0.910964
0.893684
0.918046
0.893464
0.888863
0.899974
0.888633
0.882951
0.891141
0.905936
0.888364
0.890398
0.897153
0.900579
0.891491
0.892343
0.886492
0.897057
0.909345
0.893909
0.911044
0.884988
0.970336
0.883947
0.894273
0.891914
0.890095
0.88524
0.903781
0.893033
0.901594
0.909165
0.894088
0.87957
0.88865
0.883045
0.887606
0.893618
0.873603
0.896714
0.886724
0.879174
0.89303
0.892936
0.900912
0.90487
0.898275
0.892424
0.893038
0.901898
0.882013
0.885198
0.899095
0.890205
0.904328
0.911217
0.885258
0.885332
0.908695
0.899025
0.880366
0.894955
0.895164
0.900785
0.887843
0.92082
0.899389
0.906914
0.892634
0.899882
0.906954
0.896184
0.892759
0.896608
0.908409
0.895542
0.900471
0.900805
0.907069
0.891498
0.905278
0.903112
0.90835
0.895523
0.894954
0.902365
0.897806
0.891181
0.895521
0.903263
0.873792
0.897709
0.906714
0.904211
0.895296
0.887944
0.904118
0.888747
0.874604
0.904537
0.888214
0.876515
0.906509
0.896311
0.897909
0.89634
0.891668
0.879488
0.901816
0.873726
0.896277
0.907015
0.90353
0.893353
0.893544
0.896749
0.901488
0.893531
0.890359
0.919846
0.904197
0.88018
0.883947
0.960745
0.885661
0.910369
0.89558
0.900124
0.897943
0.916859
0.905397
0.892126
0.901294
0.889026
0.907506
0.890463
0.902511
0.88387
0.876536
0.894564
0.904458
0.894874
0.900157
0.899067
0.896461
0.898809
0.897149
0.901197
0.876631
0.886581
0.908539
0.884671
0.902602
0.907014
0.894448
0.899932
0.899193
0.890643
0.892878
0.89108
0.880226
0.899073
0.875424
0.898352
0.905106
0.896882
0.902965
0.903121
0.902521
0.900679
0.912132
0.912678
0.893336
0.874218
0.90433
0.901287
0.890999
0.881695
0.896747
0.895008
0.88039
0.888492
0.925633
0.88232
0.875785
0.896619
0.903506
0.884198
0.882559
0.888602
0.871383
0.895966
0.885267
0.905104
0.899356
0.907134
0.904684
0.898427
0.874856
0.89982
0.902005
0.873611
0.90875
0.905176
0.908268
0.918326
0.894744
0.926348
0.910065
0.910089
0.914098
0.906579
0.902328
0.913134
0.903679
0.897984
0.888399
0.912123
0.913453
0.908648
0.901912
0.893691
0.894273
0.885661
0.999955
0.916123
0.912271
0.872665
0.914721
0.898494
0.90577
0.914382
0.920494
0.903738
0.911055
0.910834
0.910067
0.912814
0.891507
0.915775
0.913994
0.912637
0.910269
0.88529
0.908097
0.916711
0.912259
0.903979
0.910429
0.909647
0.915985
0.917615
0.903496
0.910328
0.89085
0.903208
0.897759
0.901306
0.921758
0.908295
0.899959
0.908305
0.905681
0.917533
0.904083
0.929285
0.902428
0.9064
0.911919
0.910804
0.907809
0.888483
0.896115
0.899264
0.918919
0.914264
0.904935
0.894151
0.916996
0.908389
0.917024
0.898714
0.911408
0.918521
0.903114
0.919069
0.898997
0.913051
0.901921
0.901121
0.89103
0.915687
0.914982
0.919939
0.891397
0.915595
0.896533
0.914549
0.900481
0.911806
0.911043
0.884663
0.900691
0.913523
0.903102
0.918874
0.914334
0.923724
0.908949
0.927222
0.913451
0.90726
0.905501
0.921903
0.921088
0.921628
0.908307
0.913827
0.907595
0.910011
0.925885
0.905035
0.891914
0.910369
0.916123
0.993585
0.938564
0.917082
0.929243
0.923749
0.914328
0.928087
0.918108
0.883557
0.909164
0.92064
0.914042
0.911275
0.901502
0.905896
0.911572
0.903085
0.902526
0.913434
0.908808
0.915793
0.920568
0.906843
0.924568
0.89374
0.911441
0.914688
0.915724
0.911175
0.919553
0.918245
0.916585
0.901735
0.909723
0.902928
0.908559
0.92173
0.918679
0.907503
0.90434
0.91978
0.893413
0.902817
0.919351
0.909367
0.906734
0.88727
0.915316
0.895876
0.901695
0.889258
0.925461
0.897069
0.917564
0.912497
0.920178
0.917494
0.909436
0.907415
0.922717
0.920048
0.907744
0.907405
0.904336
0.894117
0.895206
0.915046
0.903012
0.928068
0.917134
0.930004
0.917579
0.912841
0.906355
0.913395
0.911628
0.89188
0.917519
0.936647
0.905092
0.904695
0.894189
0.922842
0.91525
0.897653
0.916558
0.910642
0.888248
0.920058
0.903967
0.910641
0.899173
0.91409
0.902028
0.928276
0.905473
0.90883
0.890095
0.89558
0.912271
0.938564
0.996885
0.889419
0.935926
0.922027
0.910117
0.913118
0.912114
0.905601
0.904136
0.918135
0.922664
0.905591
0.895732
0.921475
0.916703
0.909525
0.910065
0.914108
0.912367
0.925075
0.919409
0.918456
0.887067
0.907704
0.897488
0.91137
0.918127
0.902618
0.898493
0.907577
0.902244
0.905774
0.903936
0.900734
0.908945
0.915168
0.909444
0.910493
0.898042
0.899409
0.891095
0.901174
0.914542
0.928416
0.913574
0.902079
0.907728
0.897867
0.904822
0.903285
0.918357
0.899516
0.922044
0.904166
0.896997
0.901558
0.908689
0.898159
0.903862
0.896682
0.902612
0.909544
0.906597
0.86786
0.883508
0.89151
0.907198
0.91343
0.903047
0.920661
0.920464
0.899247
0.915014
0.91981
0.898837
0.879754
0.902258
0.923942
0.899125
0.909765
0.902898
0.901094
0.905781
0.898212
0.908472
0.897061
0.903856
0.899002
0.909328
0.889021
0.909634
0.896747
0.893902
0.909765
0.906802
0.891216
0.88524
0.900124
0.872665
0.917082
0.889419
0.995811
0.887531
0.918356
0.908877
0.910178
0.888082
0.895446
0.892281
0.907943
0.878602
0.911979
0.888693
0.901841
0.897841
0.890011
0.904604
0.898343
0.896068
0.904854
0.877672
0.895686
0.903663
0.913054
0.886924
0.904962
0.876507
0.895422
0.892748
0.913422
0.921113
0.890109
0.897873
0.894347
0.869904
0.898652
0.909081
0.906323
0.909387
0.914853
0.912781
0.905924
0.894613
0.917479
0.901984
0.899544
0.89977
0.902077
0.91533
0.901554
0.893504
0.902841
0.912167
0.905742
0.894357
0.895003
0.907882
0.881679
0.907521
0.892168
0.902127
0.901374
0.89662
0.901368
0.879053
0.903623
0.897971
0.915998
0.906031
0.890448
0.886526
0.9036
0.887448
0.914085
0.90268
0.878757
0.887653
0.886694
0.915491
0.917143
0.896579
0.920503
0.913115
0.894921
0.902712
0.912136
0.900177
0.919425
0.913538
0.902512
0.909589
0.912559
0.915828
0.928962
0.906751
0.91788
0.903781
0.897943
0.914721
0.929243
0.935926
0.887531
0.998795
0.91632
0.908631
0.919351
0.899778
0.913042
0.927378
0.911497
0.916462
0.917942
0.912785
0.913667
0.911076
0.911896
0.909453
0.926151
0.920298
0.911976
0.909963
0.927528
0.921069
0.911082
0.913648
0.9133
0.90067
0.916661
0.925424
0.908507
0.902927
0.892583
0.909971
0.913393
0.915726
0.901583
0.916562
0.915057
0.898354
0.916137
0.917358
0.910672
0.909063
0.9125
0.908478
0.909447
0.914552
0.888712
0.912299
0.911662
0.921745
0.900442
0.916759
0.92132
0.915508
0.907438
0.912951
0.934613
0.921145
0.888544
0.900308
0.912574
0.903939
0.900169
0.913547
0.914508
0.912374
0.912391
0.906638
0.926405
0.928231
0.900272
0.901951
0.91852
0.898151
0.887071
0.91676
0.918451
0.900788
0.919688
0.921745
0.913927
0.918201
0.905164
0.921023
0.899064
0.913157
0.912601
0.93141
0.902068
0.898752
0.913597
0.913516
0.916392
0.915635
0.908207
0.893033
0.916859
0.898494
0.923749
0.922027
0.918356
0.91632
0.999365
0.920112
0.899329
0.928342
0.881855
0.923268
0.913248
0.909222
0.910465
0.909401
0.894638
0.906234
0.885656
0.90166
0.914387
0.906806
0.911839
0.898681
0.92224
0.909137
0.921019
0.923197
0.909458
0.899851
0.921886
0.909063
0.916651
0.91503
0.904023
0.930079
0.907644
0.903479
0.920058
0.914536
0.890547
0.9082
0.923226
0.907515
0.910552
0.905866
0.911973
0.915356
0.906225
0.921006
0.909464
0.919168
0.9076
0.908753
0.899572
0.922931
0.897647
0.905239
0.908457
0.924392
0.907928
0.90947
0.903029
0.918703
0.899006
0.885535
0.896857
0.891625
0.90141
0.907075
0.922414
0.908268
0.93567
0.920356
0.905238
0.893561
0.905453
0.912875
0.897737
0.905353
0.906798
0.907149
0.914567
0.923075
0.920526
0.901195
0.910236
0.910119
0.907073
0.886166
0.910414
0.920878
0.901821
0.884518
0.904329
0.920849
0.91599
0.923993
0.899753
0.901594
0.905397
0.90577
0.914328
0.910117
0.908877
0.908631
0.920112
0.997934
0.915894
0.905835
0.903388
0.922842
0.890112
0.9054
0.910869
0.906057
0.906109
0.904372
0.886915
0.904459
0.91301
0.903812
0.892535
0.898702
0.910287
0.895881
0.898482
0.885826
0.914194
0.899398
0.904687
0.894268
0.915401
0.896455
0.888581
0.923585
0.890842
0.898198
0.908193
0.923754
0.920174
0.897171
0.902242
0.899635
0.90413
0.901972
0.905538
0.899078
0.905501
0.894084
0.900061
0.923975
0.894761
0.915183
0.886811
0.917359
0.887859
0.919759
0.911487
0.898506
0.892327
0.905321
0.900132
0.902334
0.904209
0.895661
0.899869
0.890701
0.913052
0.896313
0.90472
0.914108
0.920197
0.913419
0.906488
0.886845
0.905065
0.909963
0.902748
0.897847
0.909892
0.907816
0.914093
0.911992
0.899299
0.894875
0.909442
0.912434
0.902363
0.89731
0.923695
0.922243
0.899958
0.899789
0.893299
0.908775
0.914685
0.896035
0.916363
0.909165
0.892126
0.914382
0.928087
0.913118
0.910178
0.919351
0.899329
0.915894
0.999767
0.91011
0.892276
0.908353
0.907819
0.914386
0.910774
0.877801
0.903957
0.899046
0.896611
0.910135
0.912941
0.903659
0.899285
0.908886
0.912579
0.912276
0.90525
0.894527
0.911863
0.904662
0.902255
0.900869
0.898068
0.909001
0.899807
0.906752
0.906629
0.899447
0.911097
0.903598
0.901249
0.883014
0.894048
0.913592
0.89819
0.920955
0.924538
0.907256
0.903648
0.909999
0.904001
0.918188
0.888065
0.91864
0.907751
0.923687
0.90564
0.903024
0.906016
0.903335
0.89234
0.897318
0.904786
0.903355
0.902777
0.907872
0.892382
0.899639
0.906985
0.890035
0.896365
0.904598
0.922285
0.910096
0.895574
0.912625
0.906301
0.894379
0.875037
0.896794
0.909175
0.921416
0.925799
0.905595
0.914863
0.91251
0.908521
0.904729
0.920991
0.893146
0.90113
0.909847
0.899824
0.904981
0.917608
0.909273
0.944898
0.916643
0.894738
0.894088
0.901294
0.920494
0.918108
0.912114
0.888082
0.899778
0.928342
0.905835
0.91011
0.999608
0.917146
0.910822
0.916228
0.909612
0.906685
0.906754
0.911111
0.901565
0.918385
0.906994
0.899036
0.920445
0.92223
0.900659
0.923905
0.92443
0.914367
0.895985
0.900722
0.893808
0.910851
0.913159
0.892657
0.903904
0.896287
0.906206
0.901231
0.899126
0.905271
0.908667
0.907824
0.892167
0.910677
0.904834
0.901479
0.90877
0.908712
0.913232
0.895942
0.905565
0.889318
0.915508
0.909447
0.915771
0.894132
0.897899
0.905226
0.903968
0.918245
0.914745
0.895299
0.900759
0.911171
0.876858
0.921058
0.885578
0.904436
0.899472
0.905228
0.90295
0.918225
0.915109
0.916307
0.929562
0.897964
0.890653
0.895718
0.912225
0.909711
0.914714
0.905568
0.891919
0.904765
0.907397
0.904235
0.908975
0.88607
0.886886
0.901322
0.896209
0.915043
0.910402
0.893319
0.892607
0.91382
0.895541
0.901021
0.891219
0.907415
0.87957
0.889026
0.903738
0.883557
0.905601
0.895446
0.913042
0.881855
0.903388
0.892276
0.917146
0.972823
0.891719
0.882221
0.905933
0.89701
0.88166
0.896789
0.904816
0.894727
0.892558
0.903057
0.899865
0.904213
0.898412
0.906946
0.898173
0.911175
0.900991
0.894062
0.910136
0.89612
0.886751
0.902569
0.907927
0.900986
0.893766
0.900838
0.907102
0.90793
0.904595
0.881728
0.897023
0.896808
0.884038
0.898561
0.892386
0.908475
0.90313
0.892652
0.911749
0.893266
0.902789
0.882105
0.915315
0.895504
0.903649
0.907588
0.914392
0.905292
0.892807
0.904264
0.882312
0.909205
0.911777
0.894216
0.873572
0.897108
0.877364
0.892801
0.906038
0.889356
0.902729
0.902131
0.902555
0.884842
0.893438
0.896308
0.912924
0.891277
0.891205
0.904148
0.924687
0.901689
0.916209
0.931033
0.904766
0.919533
0.917508
0.912919
0.902036
0.911875
0.909506
0.916518
0.907205
0.902092
0.917585
0.906358
0.932277
0.892028
0.88865
0.907506
0.911055
0.909164
0.904136
0.892281
0.927378
0.923268
0.922842
0.908353
0.910822
0.891719
0.995837
0.899828
0.898405
0.893305
0.893039
0.911373
0.899425
0.904874
0.911423
0.89299
0.895486
0.922702
0.904781
0.915069
0.916801
0.914248
0.908131
0.905268
0.904665
0.911504
0.918999
0.917087
0.908367
0.909233
0.899622
0.904391
0.904202
0.9098
0.922655
0.920733
0.906057
0.927604
0.91324
0.910187
0.902541
0.916844
0.938411
0.896345
0.902194
0.902594
0.916791
0.900546
0.914802
0.902866
0.920455
0.908109
0.913592
0.904761
0.90514
0.912062
0.915275
0.921148
0.905535
0.913939
0.901589
0.901367
0.892241
0.914268
0.903686
0.910789
0.917034
0.908051
0.909945
0.902983
0.904031
0.924682
0.89714
0.885371
0.917567
0.914984
0.915168
0.899706
0.909344
0.925186
0.909788
0.913023
0.911761
0.889924
0.895121
0.893182
0.92077
0.897271
0.915285
0.933514
0.914235
0.903654
0.91664
0.891382
0.883045
0.890463
0.910834
0.92064
0.918135
0.907943
0.911497
0.913248
0.890112
0.907819
0.916228
0.882221
0.899828
0.999749
0.895011
0.906165
0.896383
0.905277
0.899837
0.901718
0.916547
0.918279
0.895889
0.888258
0.897814
0.908469
0.927747
0.915176
0.896466
0.903751
0.908562
0.90745
0.898158
0.89502
0.907664
0.899959
0.915021
0.905639
0.9046
0.896045
0.905208
0.896575
0.901787
0.898527
0.904747
0.906065
0.919577
0.905881
0.896724
0.886115
0.897326
0.907095
0.912455
0.910893
0.905256
0.899227
0.906474
0.910478
0.914222
0.899369
0.910993
0.913011
0.917803
0.915091
0.921417
0.905516
0.891681
0.910004
0.900364
0.902051
0.901425
0.913139
0.908345
0.91632
0.901146
0.918796
0.876588
0.904583
0.913744
0.885995
0.883409
0.919853
0.90002
0.911803
0.920089
0.90109
0.91128
0.915747
0.901125
0.919249
0.900286
0.914427
0.887257
0.912057
0.903718
0.90028
0.895817
0.904844
0.909575
0.909693
0.887606
0.902511
0.910067
0.914042
0.922664
0.878602
0.916462
0.909222
0.9054
0.914386
0.909612
0.905933
0.898405
0.895011
0.972213
0.909929
0.882381
0.902251
0.899496
0.886348
0.910216
0.917033
0.917912
0.910732
0.895013
0.905482
0.900346
0.897214
0.899355
0.905623
0.90781
0.927
0.897688
0.921732
0.89176
0.901071
0.922753
0.886482
0.890583
0.913921
0.91334
0.911649
0.912722
0.89794
0.909462
0.902042
0.898417
0.926598
0.909426
0.904977
0.909639
0.898926
0.91373
0.911186
0.920788
0.90675
0.941516
0.907238
0.919612
0.89877
0.89922
0.914006
0.895553
0.920092
0.899441
0.916716
0.900166
0.902841
0.896919
0.889326
0.892915
0.909927
0.904794
0.916644
0.918462
0.912186
0.903032
0.894001
0.889853
0.888423
0.92572
0.903949
0.894453
0.909276
0.899416
0.90763
0.904178
0.888455
0.896911
0.893482
0.899064
0.898772
0.910311
0.891335
0.910163
0.911058
0.896102
0.921521
0.904061
0.904389
0.893618
0.88387
0.912814
0.911275
0.905591
0.911979
0.917942
0.910465
0.910869
0.910774
0.906685
0.89701
0.893305
0.906165
0.909929
0.965617
0.88317
0.904549
0.894004
0.907323
0.886244
0.900136
0.899405
0.92639
0.893174
0.921434
0.894914
0.922739
0.912643
0.914433
0.896975
0.909542
0.905987
0.907259
0.901251
0.898873
0.909736
0.90444
0.899492
0.911842
0.924743
0.906753
0.894758
0.901753
0.902185
0.902367
0.905771
0.922789
0.911489
0.895929
0.896491
0.879138
0.912812
0.885901
0.899071
0.907071
0.918573
0.889761
0.907546
0.913742
0.906252
0.904338
0.900847
0.91149
0.881077
0.897669
0.87985
0.901398
0.893843
0.922861
0.898133
0.905403
0.903803
0.912113
0.923394
0.886693
0.890621
0.916748
0.930607
0.904555
0.904279
0.913302
0.887576
0.886277
0.892468
0.889339
0.888933
0.867001
0.883699
0.898168
0.876047
0.882599
0.875383
0.895715
0.892001
0.898235
0.886605
0.885322
0.891905
0.891595
0.873603
0.876536
0.891507
0.901502
0.895732
0.888693
0.912785
0.909401
0.906057
0.877801
0.906754
0.88166
0.893039
0.896383
0.882381
0.88317
0.922581
0.88909
0.895777
0.86194
0.888457
0.900139
0.87919
0.871742
0.895289
0.883776
0.880112
0.894225
0.903175
0.877468
0.875094
0.89559
0.891491
0.896594
0.889308
0.882139
0.888588
0.874604
0.883721
0.882813
0.892899
0.886066
0.884393
0.881263
0.90744
0.893701
0.891413
0.905344
0.896593
0.853188
0.879882
0.862944
0.898823
0.883793
0.881607
0.899208
0.906982
0.914737
0.878959
0.885093
0.894748
0.863716
0.896436
0.889087
0.898164
0.876434
0.857176
0.882588
0.86335
0.904541
0.896988
0.893964
0.887715
0.918917
0.890478
0.891795
0.863079
0.888381
0.885962
0.878387
0.901325
0.899698
0.889341
0.915233
0.899725
0.903753
0.90358
0.900736
0.906004
0.902092
0.890439
0.907528
0.90202
0.902397
0.901926
0.89991
0.904892
0.924906
0.892741
0.889151
0.896714
0.894564
0.915775
0.905896
0.921475
0.901841
0.913667
0.894638
0.906109
0.903957
0.911111
0.896789
0.911373
0.905277
0.902251
0.904549
0.88909
0.997346
0.900143
0.906828
0.906537
0.893925
0.905439
0.902299
0.898393
0.919766
0.909174
0.907187
0.900637
0.899046
0.900987
0.919873
0.894923
0.89663
0.905293
0.889028
0.906285
0.907086
0.917416
0.900605
0.915579
0.915405
0.907858
0.904527
0.913026
0.902128
0.899829
0.923037
0.919879
0.890356
0.916059
0.897262
0.919738
0.901651
0.902883
0.890728
0.903522
0.914419
0.912283
0.897413
0.925673
0.904534
0.908612
0.916408
0.903486
0.902836
0.90781
0.879361
0.8912
0.902875
0.912947
0.919488
0.894919
0.907246
0.905917
0.904588
0.891179
0.913191
0.896125
0.900572
0.910326
0.920285
0.90136
0.921487
0.889523
0.917948
0.895891
0.873575
0.903616
0.912786
0.888386
0.887582
0.91163
0.898037
0.895354
0.898596
0.908244
0.920862
0.913072
0.888279
0.886724
0.904458
0.913994
0.911572
0.916703
0.897841
0.911076
0.906234
0.904372
0.899046
0.901565
0.904816
0.899425
0.899837
0.899496
0.894004
0.895777
0.900143
0.972139
0.890894
0.890388
0.907727
0.912863
0.900203
0.887268
0.913759
0.913828
0.89383
0.913506
0.884701
0.888125
0.900223
0.909521
0.893293
0.889127
0.88285
0.898643
0.884395
0.923973
0.902855
0.907574
0.897303
0.910256
0.901689
0.89808
0.911533
0.894949
0.910509
0.889713
0.887847
0.901119
0.883806
0.900799
0.901945
0.904103
0.894709
0.910119
0.90846
0.899957
0.896113
0.907428
0.907227
0.912305
0.910404
0.89955
0.894575
0.895259
0.89319
0.882356
0.871768
0.892512
0.899094
0.895543
0.905924
0.91454
0.902548
0.899402
0.899122
0.912538
0.901284
0.913658
0.909488
0.905422
0.910842
0.896034
0.907308
0.89873
0.895988
0.902012
0.909713
0.879423
0.906669
0.91013
0.903471
0.899063
0.92168
0.890737
0.912233
0.915421
0.881296
0.879174
0.894874
0.912637
0.903085
0.909525
0.890011
0.911896
0.885656
0.886915
0.896611
0.918385
0.894727
0.904874
0.901718
0.886348
0.907323
0.86194
0.906828
0.890894
0.982022
0.899584
0.917492
0.898334
0.895989
0.905299
0.910359
0.893222
0.899251
0.895882
0.899884
0.897875
0.907364
0.8805
0.890185
0.888264
0.878016
0.902492
0.903309
0.897705
0.905389
0.902066
0.896716
0.90028
0.917081
0.891976
0.912374
0.878059
0.912683
0.896866
0.884867
0.903604
0.863031
0.891528
0.894385
0.909743
0.887565
0.913722
0.907915
0.907902
0.908375
0.898192
0.904173
0.906259
0.898246
0.892286
0.918242
0.89069
0.886931
0.885998
0.915414
0.888948
0.897962
0.890013
0.897761
0.902682
0.888754
0.886021
0.899737
0.898262
0.888631
0.886315
0.89263
0.902181
0.906535
0.896402
0.918213
0.890052
0.903463
0.894236
0.901974
0.893696
0.911756
0.913322
0.897342
0.882632
0.893226
0.900426
0.911873
0.914605
0.893841
0.89303
0.900157
0.910269
0.902526
0.910065
0.904604
0.909453
0.90166
0.904459
0.910135
0.906994
0.892558
0.911423
0.916547
0.910216
0.886244
0.888457
0.906537
0.890388
0.899584
0.998825
0.907144
0.889942
0.910679
0.892396
0.90968
0.912038
0.908871
0.89558
0.869495
0.892784
0.909952
0.880294
0.904156
0.909949
0.890171
0.902834
0.900285
0.897067
0.898233
0.902606
0.89893
0.899589
0.901449
0.894875
0.898151
0.910653
0.910787
0.90268
0.902739
0.916883
0.897481
0.897471
0.891865
0.911454
0.904111
0.900871
0.90843
0.912038
0.897874
0.922022
0.90175
0.903813
0.902826
0.901942
0.890904
0.884248
0.876916
0.897217
0.89907
0.909431
0.904453
0.924284
0.898966
0.899414
0.890476
0.89046
0.892195
0.903647
0.86466
0.900335
0.915423
0.896202
0.909458
0.91466
0.91027
0.907037
0.907751
0.910261
0.902072
0.89402
0.910807
0.903486
0.906745
0.886547
0.897595
0.90255
0.909524
0.89822
0.91027
0.892936
0.899067
0.88529
0.913434
0.914108
0.898343
0.926151
0.914387
0.91301
0.912941
0.899036
0.903057
0.89299
0.918279
0.917033
0.900136
0.900139
0.893925
0.907727
0.917492
0.907144
0.999396
0.898494
0.912389
0.901408
0.919686
0.886858
0.921937
0.886723
0.916014
0.892897
0.906583
0.892558
0.890523
0.912282
0.89333
0.911451
0.895078
0.9107
0.919192
0.90135
0.898397
0.910842
0.924412
0.896995
0.905715
0.89694
0.905815
0.917456
0.892033
0.892981
0.889714
0.912493
0.906768
0.907311
0.882011
0.908168
0.901811
0.907924
0.906913
0.892087
0.916179
0.900636
0.904882
0.894742
0.88583
0.902364
0.902978
0.900288
0.896617
0.902808
0.90392
0.896163
0.916676
0.911986
0.9043
0.891999
0.902491
0.907597
0.879083
0.91007
0.926456
0.914699
0.909675
0.906729
0.916848
0.925164
0.890672
0.916251
0.906444
0.877103
0.891088
0.911824
0.904859
0.901822
0.916327
0.89629
0.917756
0.920426
0.91191
0.900912
0.896461
0.908097
0.908808
0.912367
0.896068
0.920298
0.906806
0.903812
0.903659
0.920445
0.899865
0.895486
0.895889
0.917912
0.899405
0.87919
0.905439
0.912863
0.898334
0.889942
0.898494
0.999824
0.914097
0.897449
0.893901
0.897311
0.903493
0.890009
0.915152
0.889181
0.893709
0.88201
0.895395
0.906321
0.875135
0.89691
0.881026
0.897274
0.893273
0.921019
0.909457
0.893072
0.914884
0.901813
0.916768
0.915972
0.926575
0.897936
0.896623
0.903775
0.889328
0.905156
0.910689
0.922555
0.904193
0.902435
0.908214
0.914973
0.911942
0.897912
0.891659
0.89165
0.896117
0.901405
0.914891
0.890936
0.89941
0.878298
0.90536
0.89643
0.896672
0.906023
0.897975
0.906886
0.898398
0.904976
0.912564
0.893299
0.890972
0.91172
0.906815
0.900193
0.8874
0.920023
0.919176
0.909151
0.909532
0.903257
0.919713
0.901775
0.906543
0.91179
0.911209
0.90233
0.907657
0.91217
0.921531
0.919711
0.907452
0.90487
0.898809
0.916711
0.915793
0.925075
0.904854
0.911976
0.911839
0.892535
0.899285
0.92223
0.904213
0.922702
0.888258
0.910732
0.92639
0.871742
0.902299
0.900203
0.895989
0.910679
0.912389
0.914097
0.989816
0.908113
0.917694
0.897172
0.916904
0.911148
0.89453
0.893862
0.916212
0.89771
0.900897
0.896295
0.895033
0.917226
0.903082
0.90504
0.911187
0.904667
0.923217
0.900231
0.90694
0.910919
0.911222
0.912658
0.909478
0.912805
0.904926
0.929889
0.897432
0.906331
0.883547
0.927776
0.90288
0.916266
0.910521
0.912905
0.91064
0.908556
0.90955
0.89176
0.89202
0.910048
0.888055
0.888831
0.898039
0.905247
0.915009
0.911423
0.895344
0.925712
0.915673
0.922823
0.899544
0.904784
0.910531
0.900776
0.899076
0.913589
0.908577
0.900915
0.906216
0.909956
0.891437
0.901215
0.906383
0.897588
0.892329
0.890919
0.916125
0.889811
0.898595
0.905412
0.908837
0.901849
0.911879
0.905389
0.878593
0.898275
0.897149
0.912259
0.920568
0.919409
0.877672
0.909963
0.898681
0.898702
0.908886
0.900659
0.898412
0.904781
0.897814
0.895013
0.893174
0.895289
0.898393
0.887268
0.905299
0.892396
0.901408
0.897449
0.908113
0.98026
0.886086
0.884035
0.898261
0.889037
0.906135
0.892497
0.916375
0.902713
0.898772
0.896867
0.906667
0.911149
0.899744
0.892523
0.90421
0.901582
0.901556
0.912271
0.907357
0.905616
0.914729
0.910484
0.922405
0.911808
0.888383
0.904634
0.8949
0.90002
0.89872
0.921375
0.895526
0.892686
0.9142
0.900567
0.904563
0.906008
0.902583
0.888521
0.904287
0.911583
0.887079
0.896612
0.89261
0.881604
0.900899
0.903125
0.898441
0.88922
0.886148
0.909232
0.897085
0.893554
0.900271
0.893369
0.889027
0.906332
0.885381
0.910739
0.903819
0.910868
0.907912
0.914555
0.903204
0.930473
0.910524
0.917078
0.89679
0.921971
0.910201
0.894021
0.91556
0.910894
0.913285
0.907568
0.905315
0.892424
0.901197
0.903979
0.906843
0.918456
0.895686
0.927528
0.92224
0.910287
0.912579
0.923905
0.906946
0.915069
0.908469
0.905482
0.921434
0.883776
0.919766
0.913759
0.910359
0.90968
0.919686
0.893901
0.917694
0.886086
0.999915
0.895682
0.913469
0.910633
0.913481
0.910879
0.909857
0.903108
0.91647
0.900999
0.877011
0.91214
0.915793
0.917969
0.924329
0.910717
0.903256
0.89811
0.920417
0.906098
0.922894
0.916067
0.912338
0.910024
0.910802
0.917977
0.900881
0.916566
0.91205
0.904571
0.894183
0.919199
0.915427
0.906051
0.897712
0.903351
0.90246
0.906039
0.892026
0.8928
0.911866
0.901697
0.891717
0.909934
0.882587
0.911244
0.919201
0.92282
0.920957
0.915864
0.907476
0.907384
0.914308
0.896194
0.896903
0.899979
0.912655
0.886295
0.904806
0.907236
0.910302
0.913396
0.895726
0.899444
0.897796
0.884402
0.909345
0.931336
0.890949
0.911588
0.887747
0.912371
0.915922
0.904534
0.899231
0.893038
0.876631
0.910429
0.924568
0.887067
0.903663
0.921069
0.909137
0.895881
0.912276
0.92443
0.898173
0.916801
0.927747
0.900346
0.894914
0.880112
0.909174
0.913828
0.893222
0.912038
0.886858
0.897311
0.897172
0.884035
0.895682
0.979644
0.895739
0.904187
0.888273
0.898393
0.921334
0.9029
0.905614
0.909502
0.899621
0.90682
0.888348
0.908249
0.912416
0.906104
0.909595
0.893844
0.919752
0.915515
0.896178
0.893262
0.907956
0.919674
0.890491
0.903127
0.874953
0.915333
0.892737
0.905601
0.898013
0.910038
0.901257
0.911841
0.90762
0.918714
0.917351
0.922861
0.896945
0.909269
0.904551
0.875987
0.90187
0.899538
0.900882
0.902722
0.898663
0.912956
0.931056
0.913443
0.882748
0.888241
0.901785
0.907539
0.890617
0.910982
0.883537
0.91611
0.920139
0.901797
0.909916
0.921948
0.895695
0.907352
0.911777
0.893624
0.915241
0.919467
0.913204
0.898115
0.903867
0.915693
0.900995
0.919346
0.902912
0.901898
0.886581
0.909647
0.89374
0.907704
0.913054
0.911082
0.921019
0.898482
0.90525
0.914367
0.911175
0.914248
0.915176
0.897214
0.922739
0.894225
0.907187
0.89383
0.899251
0.908871
0.921937
0.903493
0.916904
0.898261
0.913469
0.895739
0.998926
0.894422
0.904283
0.88886
0.909702
0.890505
0.910465
0.922295
0.894825
0.922317
0.911212
0.89792
0.920644
0.923329
0.893852
0.908775
0.905666
0.920308
0.9074
0.891345
0.907989
0.908321
0.9047
0.928465
0.896378
0.905612
0.905661
0.898984
0.910058
0.919191
0.91775
0.91308
0.916656
0.905481
0.899999
0.909643
0.919657
0.907438
0.906412
0.898983
0.88326
0.898828
0.913978
0.893546
0.907379
0.909969
0.901493
0.918572
0.916834
0.905266
0.903721
0.908748
0.887476
0.911317
0.913432
0.912141
0.904517
0.8882
0.901985
0.902517
0.894836
0.911897
0.921437
0.894672
0.900768
0.899454
0.88829
0.893309
0.91526
0.898601
0.917978
0.913573
0.902955
0.882013
0.908539
0.915985
0.911441
0.897488
0.886924
0.913648
0.923197
0.885826
0.894527
0.895985
0.900991
0.908131
0.896466
0.899355
0.912643
0.903175
0.900637
0.913506
0.895882
0.89558
0.886723
0.890009
0.911148
0.889037
0.910633
0.904187
0.894422
0.978504
0.897019
0.880032
0.912391
0.908524
0.885643
0.888666
0.867083
0.88963
0.899797
0.899732
0.901918
0.905187
0.903515
0.898565
0.890022
0.914425
0.882317
0.893927
0.898577
0.907643
0.902149
0.902875
0.89342
0.915581
0.891328
0.905985
0.902994
0.901179
0.889287
0.895048
0.886378
0.902348
0.886305
0.899364
0.889989
0.88637
0.900106
0.89073
0.87653
0.893524
0.890486
0.892961
0.91353
0.899561
0.899345
0.905307
0.887158
0.899826
0.89505
0.885364
0.859091
0.91529
0.884169
0.888111
0.908361
0.907518
0.899418
0.899396
0.90049
0.918509
0.908785
0.897789
0.904178
0.909564
0.896844
0.886439
0.902465
0.906718
0.899457
0.903367
0.904446
0.885198
0.884671
0.917615
0.914688
0.91137
0.904962
0.9133
0.909458
0.914194
0.911863
0.900722
0.894062
0.905268
0.903751
0.905623
0.914433
0.877468
0.899046
0.884701
0.899884
0.869495
0.916014
0.915152
0.89453
0.906135
0.913481
0.888273
0.904283
0.897019
0.976528
0.893982
0.899233
0.901836
0.913496
0.896061
0.910463
0.912012
0.889314
0.900058
0.894623
0.90763
0.897675
0.896834
0.914347
0.919552
0.913763
0.916701
0.898716
0.899865
0.897553
0.901027
0.901693
0.896634
0.912146
0.895823
0.911491
0.913985
0.884
0.894968
0.915468
0.918697
0.895256
0.913617
0.89974
0.910872
0.903497
0.878738
0.90023
0.878331
0.907362
0.899351
0.907603
0.904746
0.921592
0.91023
0.905998
0.866683
0.914958
0.900205
0.890969
0.915126
0.899186
0.910678
0.915421
0.913486
0.908684
0.895087
0.902487
0.908599
0.907901
0.880438
0.904321
0.916059
0.910511
0.892414
0.900081
0.910728
0.91305
0.890748
0.908738
0.899095
0.902602
0.903496
0.915724
0.918127
0.876507
0.90067
0.899851
0.899398
0.904662
0.893808
0.910136
0.904665
0.908562
0.90781
0.896975
0.875094
0.900987
0.888125
0.897875
0.892784
0.892897
0.889181
0.893862
0.892497
0.910879
0.898393
0.88886
0.880032
0.893982
0.999575
0.893495
0.896277
0.90799
0.889442
0.892066
0.898643
0.892057
0.902023
0.923636
0.90149
0.898904
0.90852
0.922246
0.900283
0.902296
0.902089
0.902419
0.89668
0.878496
0.898342
0.895053
0.90908
0.912438
0.904989
0.880301
0.897123
0.88981
0.915289
0.917101
0.90261
0.891535
0.906797
0.904345
0.916341
0.910556
0.894066
0.893226
0.907367
0.900832
0.90609
0.895236
0.897396
0.907678
0.919669
0.89465
0.898595
0.898029
0.904255
0.885358
0.928104
0.900736
0.911235
0.919509
0.914373
0.912484
0.92554
0.898515
0.901119
0.907051
0.904956
0.8993
0.901495
0.907495
0.901472
0.905262
0.908009
0.920417
0.926926
0.899019
0.890205
0.907014
0.910328
0.911175
0.902618
0.895422
0.916661
0.921886
0.904687
0.902255
0.910851
0.89612
0.911504
0.90745
0.927
0.909542
0.89559
0.919873
0.900223
0.907364
0.909952
0.906583
0.893709
0.916212
0.916375
0.909857
0.921334
0.909702
0.912391
0.899233
0.893495
0.993626
0.905259
0.902997
0.913328
0.900798
0.919425
0.890435
0.89525
0.913216
0.886075
0.899123
0.897527
0.915712
0.91822
0.921797
0.915926
0.901741
0.901659
0.905047
0.905917
0.909727
0.92236
0.909188
0.914107
0.912155
0.911121
0.90423
0.896668
0.907668
0.924401
0.890008
0.907458
0.908741
0.918859
0.906037
0.889192
0.899393
0.888664
0.906122
0.892591
0.901519
0.929202
0.94194
0.918022
0.89286
0.898717
0.909666
0.92073
0.883221
0.926726
0.902764
0.91724
0.892313
0.899967
0.910305
0.925863
0.894832
0.900888
0.905681
0.881942
0.903905
0.907886
0.869824
0.8926
0.898218
0.890383
0.893961
0.904436
0.904681
0.904328
0.894448
0.89085
0.919553
0.898493
0.892748
0.925424
0.909063
0.894268
0.900869
0.913159
0.886751
0.918999
0.898158
0.897688
0.905987
0.891491
0.894923
0.909521
0.8805
0.880294
0.892558
0.88201
0.89771
0.902713
0.903108
0.9029
0.890505
0.908524
0.901836
0.896277
0.905259
0.991316
0.90322
0.905762
0.860361
0.88371
0.905749
0.905537
0.912299
0.900901
0.902161
0.903804
0.913908
0.914458
0.89728
0.909538
0.920277
0.899332
0.910934
0.910895
0.897163
0.900304
0.894392
0.911352
0.886198
0.914703
0.902759
0.894679
0.907009
0.924038
0.899214
0.893827
0.882213
0.905905
0.903417
0.891759
0.896916
0.881458
0.903834
0.913126
0.901054
0.897546
0.908563
0.914999
0.88985
0.891591
0.905807
0.88537
0.878013
0.899915
0.888414
0.908592
0.915544
0.916702
0.927837
0.916031
0.911107
0.908794
0.905183
0.896604
0.924435
0.915831
0.913782
0.89907
0.905935
0.918145
0.904289
0.907987
0.914571
0.911217
0.899932
0.903208
0.918245
0.907577
0.913422
0.908507
0.916651
0.915401
0.898068
0.892657
0.902569
0.917087
0.89502
0.921732
0.907259
0.896594
0.89663
0.893293
0.890185
0.904156
0.890523
0.895395
0.900897
0.898772
0.91647
0.905614
0.910465
0.885643
0.913496
0.90799
0.902997
0.90322
0.99712
0.888271
0.892302
0.921477
0.902286
0.897996
0.91712
0.906838
0.91527
0.90528
0.929576
0.900004
0.893932
0.90796
0.919578
0.904289
0.893035
0.915237
0.905074
0.906685
0.901545
0.918194
0.880986
0.914412
0.894773
0.916952
0.901247
0.917462
0.915372
0.88722
0.902046
0.916332
0.902368
0.884689
0.907556
0.892059
0.904171
0.903357
0.920634
0.891827
0.91069
0.90199
0.905176
0.909651
0.906047
0.901508
0.88104
0.914628
0.912678
0.912084
0.91685
0.908756
0.905735
0.906862
0.910497
0.905246
0.907446
0.88761
0.895027
0.903612
0.903129
0.908866
0.899295
0.905207
0.895823
0.903383
0.891195
0.885258
0.899193
0.897759
0.916585
0.902244
0.921113
0.902927
0.91503
0.896455
0.909001
0.903904
0.907927
0.908367
0.907664
0.89176
0.901251
0.889308
0.905293
0.889127
0.888264
0.909949
0.912282
0.906321
0.896295
0.896867
0.900999
0.909502
0.922295
0.888666
0.896061
0.889442
0.913328
0.905762
0.888271
0.999113
0.89181
0.89767
0.916436
0.906243
0.908162
0.9015
0.908793
0.913122
0.896345
0.911158
0.901208
0.908346
0.901452
0.9114
0.913287
0.907396
0.881061
0.910105
0.898646
0.894056
0.900665
0.907364
0.90256
0.90848
0.891873
0.919723
0.906722
0.8976
0.905077
0.907048
0.89256
0.898114
0.894514
0.890426
0.908944
0.887334
0.911673
0.916925
0.900246
0.924899
0.90131
0.884472
0.901356
0.913634
0.887994
0.927242
0.909741
0.899091
0.893205
0.888624
0.89686
0.88904
0.884714
0.901219
0.884111
0.881292
0.88811
0.907381
0.880208
0.881141
0.892547
0.900959
0.894579
0.908575
0.884723
0.885332
0.890643
0.901306
0.901735
0.905774
0.890109
0.892583
0.904023
0.888581
0.899807
0.896287
0.900986
0.909233
0.899959
0.901071
0.898873
0.882139
0.889028
0.88285
0.878016
0.890171
0.89333
0.875135
0.895033
0.906667
0.877011
0.899621
0.894825
0.867083
0.910463
0.892066
0.900798
0.860361
0.892302
0.89181
0.963865
0.88473
0.875893
0.878614
0.89053
0.894167
0.890703
0.875622
0.901513
0.894655
0.896759
0.890425
0.890842
0.883198
0.887583
0.900864
0.89031
0.894281
0.909907
0.892014
0.889075
0.89974
0.895225
0.892287
0.884443
0.909673
0.879555
0.885495
0.904774
0.888525
0.885848
0.884454
0.896136
0.886885
0.888864
0.913833
0.890911
0.88099
0.89078
0.892304
0.871755
0.896809
0.89963
0.888468
0.880436
0.892785
0.899948
0.910549
0.919978
0.91014
0.91079
0.909956
0.903265
0.911548
0.92565
0.899731
0.924353
0.905127
0.907794
0.892543
0.91928
0.908066
0.920082
0.912135
0.903886
0.908695
0.892878
0.921758
0.909723
0.903936
0.897873
0.909971
0.930079
0.923585
0.906752
0.906206
0.893766
0.899622
0.915021
0.922753
0.909736
0.888588
0.906285
0.898643
0.902492
0.902834
0.911451
0.89691
0.917226
0.911149
0.91214
0.90682
0.922317
0.88963
0.912012
0.898643
0.919425
0.88371
0.921477
0.89767
0.88473
0.999369
0.903148
0.911578
0.924872
0.922338
0.883755
0.928822
0.924113
0.899494
0.903597
0.920373
0.921095
0.905357
0.901224
0.910881
0.907327
0.920515
0.912717
0.920032
0.904942
0.906741
0.903099
0.904285
0.899205
0.908949
0.91475
0.90556
0.911886
0.903758
0.898661
0.894058
0.909474
0.890577
0.919098
0.919895
0.916654
0.898292
0.915368
0.912408
0.913363
0.899984
0.891965
0.910527
0.892202
0.904391
0.907444
0.896795
0.908224
0.908045
0.906108
0.914854
0.903963
0.894672
0.902071
0.887325
0.911012
0.897038
0.901664
0.887163
0.904435
0.888787
0.912628
0.899502
0.918804
0.899025
0.89108
0.908295
0.902928
0.900734
0.894347
0.913393
0.907644
0.890842
0.906629
0.901231
0.900838
0.904391
0.905639
0.886482
0.90444
0.874604
0.907086
0.884395
0.903309
0.900285
0.895078
0.881026
0.903082
0.899744
0.915793
0.888348
0.911212
0.899797
0.889314
0.892057
0.890435
0.905749
0.902286
0.916436
0.875893
0.903148
0.994128
0.907948
0.889763
0.906754
0.899618
0.903019
0.920289
0.892762
0.903023
0.902652
0.918467
0.882859
0.893646
0.904896
0.896902
0.90382
0.907097
0.899888
0.903728
0.902285
0.892506
0.895848
0.900278
0.915831
0.914845
0.900609
0.900324
0.900733
0.920677
0.874383
0.890325
0.887236
0.914361
0.900688
0.908092
0.906999
0.881862
0.924701
0.888961
0.90075
0.914381
0.908282
0.893293
0.892898
0.908129
0.892338
0.909579
0.901075
0.911654
0.915525
0.898078
0.894719
0.909952
0.880773
0.908765
0.900592
0.906237
0.894881
0.91383
0.910535
0.912304
0.905765
0.915457
0.880366
0.880226
0.899959
0.908559
0.908945
0.869904
0.915726
0.903479
0.898198
0.899447
0.899126
0.907102
0.904202
0.9046
0.890583
0.899492
0.883721
0.917416
0.923973
0.897705
0.897067
0.9107
0.897274
0.90504
0.892523
0.917969
0.908249
0.89792
0.899732
0.900058
0.902023
0.89525
0.905537
0.897996
0.906243
0.878614
0.911578
0.907948
0.973419
0.916172
0.915704
0.894918
0.902331
0.910764
0.909926
0.90228
0.892667
0.911673
0.911181
0.898916
0.906369
0.898979
0.910492
0.905049
0.91489
0.895281
0.913284
0.904852
0.911621
0.898908
0.906407
0.901636
0.900938
0.8847
0.897861
0.904715
0.874925
0.903381
0.888712
0.911109
0.904796
0.901987
0.899992
0.923268
0.913988
0.891966
0.887602
0.908739
0.918285
0.892011
0.899247
0.895258
0.901811
0.918382
0.910031
0.909106
0.903676
0.928314
0.909022
0.91336
0.876815
0.912141
0.915627
0.906103
0.91942
0.910866
0.89173
0.916887
0.907618
0.903498
0.894955
0.899073
0.908305
0.92173
0.915168
0.898652
0.901583
0.920058
0.908193
0.911097
0.905271
0.90793
0.9098
0.896045
0.913921
0.911842
0.882813
0.900605
0.902855
0.905389
0.898233
0.919192
0.893273
0.911187
0.90421
0.924329
0.912416
0.920644
0.901918
0.894623
0.923636
0.913216
0.912299
0.91712
0.908162
0.89053
0.924872
0.889763
0.916172
0.999979
0.903399
0.888304
0.898855
0.908438
0.896764
0.908744
0.913709
0.909897
0.898458
0.910169
0.908954
0.883384
0.903745
0.911341
0.902944
0.898167
0.913328
0.909509
0.913638
0.902964
0.913091
0.912388
0.913492
0.90852
0.915319
0.913776
0.886231
0.900973
0.891029
0.916221
0.901932
0.910694
0.915043
0.921302
0.911176
0.904277
0.872422
0.898049
0.902156
0.879054
0.913794
0.901706
0.894577
0.920434
0.899724
0.908382
0.909352
0.911623
0.902882
0.90924
0.891637
0.900732
0.899248
0.915019
0.9046
0.893284
0.896117
0.915
0.902031
0.893073
0.895164
0.875424
0.905681
0.918679
0.909444
0.909081
0.916562
0.914536
0.923754
0.903598
0.908667
0.904595
0.922655
0.905208
0.91334
0.924743
0.892899
0.915579
0.907574
0.902066
0.902606
0.90135
0.921019
0.904667
0.901582
0.910717
0.906104
0.923329
0.905187
0.90763
0.90149
0.886075
0.900901
0.906838
0.9015
0.894167
0.922338
0.906754
0.915704
0.903399
0.976379
0.906078
0.91202
0.917171
0.907546
0.913051
0.89793
0.896973
0.912812
0.917289
0.899342
0.891417
0.888032
0.898897
0.919205
0.911572
0.914702
0.910914
0.902392
0.917752
0.8868
0.888487
0.911616
0.879738
0.900238
0.883496
0.897001
0.903175
0.902846
0.912429
0.923201
0.910704
0.889896
0.911401
0.902527
0.897066
0.901417
0.916338
0.902446
0.884392
0.913406
0.904563
0.894412
0.906805
0.91274
0.921475
0.907779
0.907562
0.917837
0.902527
0.892461
0.908132
0.906556
0.907995
0.906844
0.893511
0.909137
0.914564
0.916454
0.907357
0.900785
0.898352
0.917533
0.907503
0.910493
0.906323
0.915057
0.890547
0.920174
0.901249
0.907824
0.881728
0.920733
0.896575
0.911649
0.906753
0.886066
0.915405
0.897303
0.896716
0.89893
0.898397
0.909457
0.923217
0.901556
0.903256
0.909595
0.893852
0.903515
0.897675
0.898904
0.899123
0.902161
0.91527
0.908793
0.890703
0.883755
0.899618
0.894918
0.888304
0.906078
0.992657
0.910485
0.914847
0.913654
0.89203
0.904332
0.906559
0.906993
0.893304
0.907402
0.889336
0.895774
0.909708
0.918255
0.888988
0.917607
0.893544
0.908361
0.910175
0.898994
0.904344
0.899542
0.899128
0.897759
0.925596
0.9075
0.885919
0.869952
0.920856
0.916276
0.90493
0.924041
0.912255
0.912654
0.889146
0.890006
0.896425
0.904074
0.900952
0.924104
0.909315
0.915112
0.918321
0.930598
0.899648
0.905424
0.889256
0.911373
0.907024
0.899998
0.913269
0.919646
0.887727
0.909081
0.903548
0.907871
0.915762
0.917316
0.90592
0.887843
0.905106
0.904083
0.90434
0.898042
0.909387
0.898354
0.9082
0.897171
0.883014
0.892167
0.897023
0.906057
0.901787
0.912722
0.894758
0.884393
0.907858
0.910256
0.90028
0.899589
0.910842
0.893072
0.900231
0.912271
0.89811
0.893844
0.908775
0.898565
0.896834
0.90852
0.897527
0.903804
0.90528
0.913122
0.875622
0.928822
0.903019
0.902331
0.898855
0.91202
0.910485
0.998188
0.918897
0.907168
0.911086
0.905518
0.928581
0.920825
0.910186
0.904509
0.903183
0.910079
0.913807
0.902393
0.893866
0.91733
0.906398
0.900147
0.893633
0.907801
0.910921
0.913688
0.894402
0.90108
0.90316
0.886591
0.883957
0.891729
0.909673
0.896531
0.909042
0.907261
0.909006
0.919741
0.904369
0.90187
0.908212
0.892162
0.8808
0.902067
0.881273
0.904293
0.9188
0.909933
0.920396
0.919974
0.902485
0.887831
0.898055
0.882836
0.919567
0.913315
0.904521
0.891325
0.906081
0.913272
0.906914
0.919408
0.894167
0.92082
0.896882
0.929285
0.91978
0.899409
0.914853
0.916137
0.923226
0.902242
0.894048
0.910677
0.896808
0.927604
0.898527
0.89794
0.901753
0.881263
0.904527
0.901689
0.917081
0.901449
0.924412
0.914884
0.90694
0.907357
0.920417
0.919752
0.905666
0.890022
0.914347
0.922246
0.915712
0.913908
0.929576
0.896345
0.901513
0.924113
0.920289
0.910764
0.908438
0.917171
0.914847
0.918897
0.999
0.890564
0.914097
0.912705
0.90735
0.924065
0.905975
0.910797
0.895773
0.897459
0.917999
0.911942
0.895287
0.921224
0.902264
0.913778
0.909809
0.913545
0.904664
0.907727
0.904556
0.88979
0.909034
0.883967
0.904836
0.912263
0.921942
0.912305
0.909426
0.905015
0.924205
0.915988
0.88869
0.907469
0.918945
0.876633
0.882257
0.912566
0.884939
0.893009
0.911237
0.894161
0.898553
0.921409
0.909865
0.896481
0.916583
0.892925
0.896103
0.895422
0.903549
0.881945
0.904767
0.887557
0.924803
0.914061
0.915748
0.899389
0.902965
0.902428
0.893413
0.891095
0.912781
0.917358
0.907515
0.899635
0.913592
0.904834
0.884038
0.91324
0.904747
0.909462
0.902185
0.90744
0.913026
0.89808
0.891976
0.894875
0.896995
0.901813
0.910919
0.905616
0.906098
0.915515
0.920308
0.914425
0.919552
0.900283
0.91822
0.914458
0.900004
0.911158
0.894655
0.899494
0.892762
0.909926
0.896764
0.907546
0.913654
0.907168
0.890564
0.99013
0.88165
0.910104
0.911228
0.914622
0.899586
0.896651
0.873417
0.901778
0.896554
0.893174
0.899877
0.896903
0.909996
0.913732
0.922482
0.914036
0.909898
0.89311
0.87354
0.891757
0.910102
0.897515
0.891395
0.882885
0.910393
0.91836
0.903715
0.89101
0.896229
0.920499
0.908844
0.896717
0.892094
0.897596
0.900998
0.901794
0.924012
0.902712
0.911742
0.908519
0.918554
0.920365
0.9174
0.900879
0.903862
0.880879
0.89621
0.906756
0.912746
0.893093
0.889384
0.921338
0.894031
0.914638
0.891645
0.906914
0.903121
0.9064
0.902817
0.901174
0.905924
0.910672
0.910552
0.90413
0.89819
0.901479
0.898561
0.910187
0.906065
0.902042
0.902367
0.893701
0.902128
0.911533
0.912374
0.898151
0.905715
0.916768
0.911222
0.914729
0.922894
0.896178
0.9074
0.882317
0.913763
0.902296
0.921797
0.89728
0.893932
0.901208
0.896759
0.903597
0.903023
0.90228
0.908744
0.913051
0.89203
0.911086
0.914097
0.88165
0.999352
0.906133
0.912516
0.899975
0.895484
0.913613
0.887939
0.903338
0.888972
0.904926
0.901394
0.910951
0.908177
0.908517
0.908618
0.91376
0.891111
0.912799
0.895256
0.901413
0.908991
0.904355
0.88887
0.891142
0.908771
0.915074
0.905132
0.901682
0.915048
0.911252
0.904732
0.910854
0.92475
0.900129
0.886525
0.911228
0.910951
0.900563
0.905823
0.909292
0.905267
0.903229
0.912409
0.90658
0.915682
0.89138
0.908741
0.909001
0.90757
0.902869
0.917094
0.907756
0.912588
0.909774
0.892268
0.892634
0.902521
0.911919
0.919351
0.914542
0.894613
0.909063
0.905866
0.901972
0.920955
0.90877
0.892386
0.902541
0.919577
0.898417
0.905771
0.891413
0.899829
0.894949
0.878059
0.910653
0.89694
0.915972
0.912658
0.910484
0.916067
0.893262
0.891345
0.893927
0.916701
0.902089
0.915926
0.909538
0.90796
0.908346
0.890425
0.920373
0.902652
0.892667
0.913709
0.89793
0.904332
0.905518
0.912705
0.910104
0.906133
0.999019
0.918013
0.893803
0.887264
0.901221
0.893997
0.907313
0.902274
0.911627
0.881722
0.919716
0.911852
0.918633
0.902994
0.919531
0.900647
0.909874
0.908542
0.903264
0.906405
0.897343
0.893602
0.901572
0.890694
0.901659
0.896258
0.904063
0.895041
0.916378
0.91593
0.906637
0.901692
0.916185
0.895951
0.913031
0.905152
0.909226
0.909825
0.917182
0.924369
0.929349
0.916548
0.923761
0.911345
0.91186
0.913443
0.911068
0.92128
0.914719
0.9155
0.93145
0.919858
0.918577
0.915254
0.899882
0.900679
0.910804
0.909367
0.928416
0.917479
0.9125
0.911973
0.905538
0.924538
0.908712
0.908475
0.916844
0.905881
0.926598
0.922789
0.905344
0.923037
0.910509
0.912683
0.910787
0.905815
0.926575
0.909478
0.922405
0.912338
0.907956
0.907989
0.898577
0.898716
0.902419
0.901741
0.920277
0.919578
0.901452
0.890842
0.921095
0.918467
0.911673
0.909897
0.896973
0.906559
0.928581
0.90735
0.911228
0.912516
0.918013
0.999741
0.921127
0.918809
0.898391
0.905822
0.921914
0.906056
0.929587
0.91165
0.911542
0.919865
0.917735
0.902435
0.919847
0.916985
0.915827
0.898945
0.908273
0.920351
0.906096
0.895522
0.900036
0.911657
0.911073
0.922647
0.906503
0.914862
0.921265
0.914235
0.912588
0.920352
0.90349
0.893205
0.922638
0.926829
0.916253
0.909012
0.912718
0.915929
0.909623
0.899055
0.906581
0.909016
0.893611
0.890172
0.91046
0.924702
0.897506
0.916738
0.910633
0.907075
0.920293
0.922023
0.906954
0.912132
0.907809
0.906734
0.913574
0.901984
0.908478
0.915356
0.899078
0.907256
0.913232
0.90313
0.938411
0.896724
0.909426
0.911489
0.896593
0.919879
0.889713
0.896866
0.90268
0.917456
0.897936
0.912805
0.911808
0.910024
0.919674
0.908321
0.907643
0.899865
0.89668
0.901659
0.899332
0.904289
0.9114
0.883198
0.905357
0.882859
0.911181
0.898458
0.912812
0.906993
0.920825
0.924065
0.914622
0.899975
0.893803
0.921127
1
0.906309
0.919474
0.906216
0.920898
0.906512
0.913941
0.89179
0.90553
0.916392
0.901384
0.915469
0.912532
0.900663
0.923954
0.905669
0.906184
0.905655
0.89858
0.896894
0.885525
0.915158
0.901898
0.920486
0.918479
0.920233
0.915085
0.903963
0.900942
0.908213
0.898889
0.901056
0.918086
0.917468
0.899055
0.92104
0.89789
0.893707
0.903067
0.908125
0.867639
0.912021
0.895128
0.904113
0.885725
0.904061
0.878381
0.900105
0.906553
0.913955
0.910939
0.909379
0.896184
0.912678
0.888483
0.88727
0.902079
0.899544
0.909447
0.906225
0.905501
0.903648
0.895942
0.892652
0.896345
0.886115
0.904977
0.895929
0.853188
0.890356
0.887847
0.884867
0.902739
0.892033
0.896623
0.904926
0.888383
0.910802
0.890491
0.9047
0.902149
0.897553
0.878496
0.905047
0.910934
0.893035
0.913287
0.887583
0.901224
0.893646
0.898916
0.910169
0.917289
0.893304
0.910186
0.905975
0.899586
0.895484
0.887264
0.918809
0.906309
0.986381
0.895361
0.884945
0.916822
0.907157
0.905972
0.880849
0.889698
0.885161
0.905908
0.895549
0.914436
0.912731
0.903303
0.899843
0.906679
0.878768
0.881168
0.896037
0.877672
0.901249
0.888059
0.882258
0.907444
0.903903
0.89957
0.886358
0.886906
0.899729
0.901182
0.868824
0.899638
0.893621
0.894724
0.918791
0.930894
0.919321
0.89928
0.914443
0.912599
0.908647
0.887188
0.904373
0.895348
0.908718
0.918103
0.899623
0.910111
0.90915
0.919772
0.903509
0.892759
0.893336
0.896115
0.915316
0.907728
0.89977
0.914552
0.921006
0.894084
0.909999
0.905565
0.911749
0.902194
0.897326
0.909639
0.896491
0.879882
0.916059
0.901119
0.903604
0.916883
0.892981
0.903775
0.929889
0.904634
0.917977
0.903127
0.928465
0.902875
0.901027
0.898342
0.905917
0.910895
0.915237
0.907396
0.900864
0.910881
0.904896
0.906369
0.908954
0.899342
0.907402
0.904509
0.910797
0.896651
0.913613
0.901221
0.898391
0.919474
0.895361
0.994192
0.890085
0.921307
0.919977
0.920565
0.905464
0.912245
0.909818
0.912342
0.899122
0.917503
0.930857
0.90143
0.90311
0.902563
0.918585
0.893266
0.894519
0.903056
0.900263
0.907311
0.907116
0.885926
0.903096
0.90476
0.894836
0.896068
0.926311
0.911121
0.893735
0.916452
0.902473
0.898246
0.91072
0.911031
0.885405
0.897726
0.880429
0.88267
0.889599
0.876072
0.897273
0.8971
0.873063
0.881081
0.893672
0.880439
0.902231
0.908987
0.88291
0.896608
0.874218
0.899264
0.895876
0.897867
0.902077
0.888712
0.909464
0.900061
0.904001
0.889318
0.893266
0.902594
0.907095
0.898926
0.879138
0.862944
0.897262
0.883806
0.863031
0.897481
0.889714
0.889328
0.897432
0.8949
0.900881
0.874953
0.896378
0.89342
0.901693
0.895053
0.909727
0.897163
0.905074
0.881061
0.89031
0.907327
0.896902
0.898979
0.883384
0.891417
0.889336
0.903183
0.895773
0.873417
0.887939
0.893997
0.905822
0.906216
0.884945
0.890085
0.950039
0.914544
0.883203
0.898233
0.877967
0.912379
0.883009
0.904969
0.883148
0.909245
0.903051
0.901621
0.899242
0.880145
0.880163
0.877864
0.888041
0.874859
0.903018
0.866729
0.902677
0.896407
0.90683
0.891838
0.885526
0.88862
0.896642
0.892157
0.871908
0.888237
0.909318
0.895378
0.937046
0.928518
0.919679
0.903258
0.917122
0.909767
0.918261
0.912766
0.896361
0.907891
0.913894
0.91356
0.905585
0.89998
0.92883
0.910623
0.917329
0.908409
0.90433
0.918919
0.901695
0.904822
0.91533
0.912299
0.919168
0.923975
0.918188
0.915508
0.902789
0.916791
0.912455
0.91373
0.912812
0.898823
0.919738
0.900799
0.891528
0.897471
0.912493
0.905156
0.906331
0.90002
0.916566
0.915333
0.905612
0.915581
0.896634
0.90908
0.92236
0.900304
0.906685
0.910105
0.894281
0.920515
0.90382
0.910492
0.903745
0.888032
0.895774
0.910079
0.897459
0.901778
0.903338
0.907313
0.921914
0.920898
0.916822
0.921307
0.914544
0.998863
0.906171
0.924137
0.902031
0.917004
0.90652
0.929662
0.913377
0.911127
0.90436
0.90676
0.913744
0.903522
0.913449
0.893583
0.892218
0.901698
0.90562
0.888349
0.902015
0.916476
0.918386
0.913333
0.898517
0.891811
0.912578
0.923425
0.891802
0.919591
0.9143
0.879928
0.928463
0.910744
0.895968
0.912632
0.901244
0.88697
0.907952
0.873251
0.910419
0.906617
0.913551
0.902189
0.91827
0.905935
0.911403
0.913731
0.889414
0.895542
0.901287
0.914264
0.889258
0.903285
0.901554
0.911662
0.9076
0.894761
0.888065
0.909447
0.882105
0.900546
0.910893
0.911186
0.885901
0.883793
0.901651
0.901945
0.894385
0.891865
0.906768
0.910689
0.883547
0.89872
0.91205
0.892737
0.905661
0.891328
0.912146
0.912438
0.909188
0.894392
0.901545
0.898646
0.909907
0.912717
0.907097
0.905049
0.911341
0.898897
0.909708
0.913807
0.917999
0.896554
0.888972
0.902274
0.906056
0.906512
0.907157
0.919977
0.883203
0.906171
0.990984
0.896124
0.884166
0.896972
0.901885
0.910533
0.904166
0.912193
0.90884
0.90726
0.901179
0.905337
0.896536
0.874489
0.882205
0.884314
0.9161
0.911048
0.902169
0.892595
0.901095
0.913522
0.90328
0.877523
0.908206
0.87724
0.88305
0.897557
0.909778
0.919914
0.915699
0.922866
0.900975
0.92328
0.896479
0.916531
0.897593
0.906944
0.887073
0.908673
0.90918
0.889578
0.902206
0.907619
0.917227
0.908713
0.913685
0.900471
0.890999
0.904935
0.925461
0.918357
0.893504
0.921745
0.908753
0.915183
0.91864
0.915771
0.915315
0.914802
0.905256
0.920788
0.899071
0.881607
0.902883
0.904103
0.909743
0.911454
0.907311
0.922555
0.927776
0.921375
0.904571
0.905601
0.898984
0.905985
0.895823
0.904989
0.914107
0.911352
0.918194
0.894056
0.892014
0.920032
0.899888
0.91489
0.902944
0.919205
0.918255
0.902393
0.911942
0.893174
0.904926
0.911627
0.929587
0.913941
0.905972
0.920565
0.898233
0.924137
0.896124
0.991645
0.899436
0.92157
0.918766
0.902255
0.909086
0.91271
0.921138
0.90557
0.905208
0.909043
0.898923
0.898213
0.898996
0.903071
0.91286
0.912335
0.893116
0.905735
0.920464
0.904804
0.889794
0.907767
0.92301
0.901134
0.904447
0.926253
0.911832
0.907468
0.894968
0.916719
0.896209
0.883242
0.904373
0.892755
0.894863
0.882561
0.892798
0.885694
0.887848
0.873036
0.886658
0.889829
0.896763
0.902625
0.893678
0.900805
0.881695
0.894151
0.897069
0.899516
0.902841
0.900442
0.899572
0.886811
0.907751
0.894132
0.895504
0.902866
0.899227
0.90675
0.907071
0.899208
0.890728
0.894709
0.887565
0.904111
0.882011
0.904193
0.90288
0.895526
0.894183
0.898013
0.910058
0.902994
0.911491
0.880301
0.912155
0.886198
0.880986
0.900665
0.889075
0.904942
0.903728
0.895281
0.898167
0.911572
0.888988
0.893866
0.895287
0.899877
0.901394
0.881722
0.91165
0.89179
0.880849
0.905464
0.877967
0.902031
0.884166
0.899436
0.988743
0.897209
0.891697
0.897124
0.892469
0.901919
0.892164
0.889389
0.886549
0.884697
0.896649
0.892498
0.89411
0.894899
0.898628
0.892388
0.904471
0.893182
0.905761
0.910361
0.892196
0.911252
0.894834
0.89861
0.867435
0.90787
0.901091
0.915544
0.931489
0.93098
0.926646
0.93219
0.900048
0.911713
0.931279
0.909555
0.905116
0.924189
0.922907
0.916769
0.927584
0.912586
0.916541
0.914691
0.921723
0.907069
0.896747
0.916996
0.917564
0.922044
0.912167
0.916759
0.922931
0.917359
0.923687
0.897899
0.903649
0.920455
0.906474
0.941516
0.918573
0.906982
0.903522
0.910119
0.913722
0.900871
0.908168
0.902435
0.916266
0.892686
0.919199
0.910038
0.919191
0.901179
0.913985
0.897123
0.911121
0.914703
0.914412
0.907364
0.89974
0.906741
0.902285
0.913284
0.913328
0.914702
0.917607
0.91733
0.921224
0.896903
0.910951
0.919716
0.911542
0.90553
0.889698
0.912245
0.912379
0.917004
0.896972
0.92157
0.897209
0.998919
0.922163
0.928604
0.900655
0.91638
0.912381
0.929499
0.90291
0.915826
0.894459
0.917086
0.88958
0.906624
0.919017
0.908431
0.913065
0.912841
0.911535
0.9215
0.910997
0.883119
0.918065
0.909243
0.889592
0.902786
0.913911
0.927311
0.926466
0.914
0.897867
0.919908
0.899703
0.904733
0.907546
0.900482
0.909213
0.903257
0.909123
0.903588
0.917869
0.902271
0.903272
0.907508
0.895932
0.891498
0.895008
0.908389
0.912497
0.904166
0.905742
0.92132
0.897647
0.887859
0.90564
0.905226
0.907588
0.908109
0.910478
0.907238
0.889761
0.914737
0.914419
0.90846
0.907915
0.90843
0.901811
0.908214
0.910521
0.9142
0.915427
0.901257
0.91775
0.889287
0.884
0.88981
0.90423
0.902759
0.894773
0.90256
0.895225
0.903099
0.892506
0.904852
0.909509
0.910914
0.893544
0.906398
0.902264
0.909996
0.908177
0.911852
0.919865
0.916392
0.885161
0.909818
0.883009
0.90652
0.901885
0.918766
0.891697
0.922163
0.999817
0.906029
0.899852
0.90468
0.908349
0.907081
0.901665
0.91971
0.900085
0.907262
0.898021
0.90082
0.901935
0.895804
0.928044
0.911198
0.924364
0.906096
0.917917
0.907843
0.91941
0.892189
0.892645
0.902057
0.914972
0.907554
0.925058
0.915531
0.906555
0.909171
0.905799
0.906747
0.908069
0.888262
0.918316
0.910604
0.885626
0.897163
0.903089
0.911843
0.895019
0.916242
0.907301
0.905278
0.88039
0.917024
0.920178
0.896997
0.894357
0.915508
0.905239
0.919759
0.903024
0.903968
0.914392
0.913592
0.914222
0.919612
0.907546
0.878959
0.912283
0.899957
0.907902
0.912038
0.907924
0.914973
0.912905
0.900567
0.906051
0.911841
0.91308
0.895048
0.894968
0.915289
0.896668
0.894679
0.916952
0.90848
0.892287
0.904285
0.895848
0.911621
0.913638
0.902392
0.908361
0.900147
0.913778
0.913732
0.908517
0.918633
0.917735
0.901384
0.905908
0.912342
0.904969
0.929662
0.910533
0.902255
0.897124
0.928604
0.906029
0.999678
0.91457
0.894736
0.915076
0.89721
0.898963
0.909947
0.912357
0.897136
0.899533
0.89327
0.909377
0.899741
0.921454
0.894456
0.903052
0.913194
0.901438
0.899309
0.910187
0.893635
0.882416
0.910613
0.909885
0.906956
0.911793
0.912393
0.918985
0.899637
0.914645
0.89918
0.894273
0.886466
0.894659
0.910012
0.902992
0.89233
0.897835
0.900225
0.920484
0.907967
0.897781
0.903112
0.888492
0.898714
0.917494
0.901558
0.895003
0.907438
0.908457
0.911487
0.906016
0.918245
0.905292
0.904761
0.899369
0.89877
0.913742
0.885093
0.897413
0.896113
0.908375
0.897874
0.906913
0.911942
0.91064
0.904563
0.897712
0.90762
0.916656
0.886378
0.915468
0.917101
0.907668
0.907009
0.901247
0.891873
0.884443
0.899205
0.900278
0.898908
0.902964
0.917752
0.910175
0.893633
0.909809
0.922482
0.908618
0.902994
0.902435
0.915469
0.895549
0.899122
0.883148
0.913377
0.904166
0.909086
0.892469
0.900655
0.899852
0.91457
0.990755
0.913033
0.898925
0.899256
0.899315
0.913202
0.901061
0.8925
0.895514
0.899872
0.904167
0.897044
0.912967
0.89232
0.917073
0.913198
0.898454
0.90615
0.918509
0.906655
0.885964
0.908499
0.902969
0.906444
0.92714
0.920601
0.88564
0.929983
0.914454
0.909557
0.906743
0.892045
0.923858
0.912311
0.91329
0.889235
0.916963
0.924961
0.923092
0.921738
0.914366
0.90835
0.925633
0.911408
0.909436
0.908689
0.907882
0.912951
0.924392
0.898506
0.903335
0.914745
0.892807
0.90514
0.910993
0.89922
0.906252
0.894748
0.925673
0.907428
0.898192
0.922022
0.892087
0.897912
0.908556
0.906008
0.903351
0.918714
0.905481
0.902348
0.918697
0.90261
0.924401
0.924038
0.917462
0.919723
0.909673
0.908949
0.915831
0.906407
0.913091
0.8868
0.898994
0.907801
0.913545
0.914036
0.91376
0.919531
0.919847
0.912532
0.914436
0.917503
0.909245
0.911127
0.912193
0.91271
0.901919
0.91638
0.90468
0.894736
0.913033
0.997036
0.911337
0.91257
0.910452
0.8962
0.903481
0.903373
0.905536
0.906112
0.908646
0.904221
0.924853
0.924816
0.917362
0.923052
0.904884
0.899435
0.911843
0.920848
0.884995
0.910181
0.904027
0.918052
0.897169
0.906107
0.919728
0.906545
0.893764
0.918694
0.916068
0.883812
0.91961
0.901627
0.906833
0.896957
0.928046
0.907295
0.892845
0.897605
0.901491
0.895523
0.88232
0.918521
0.907415
0.898159
0.881679
0.934613
0.907928
0.892327
0.89234
0.895299
0.904264
0.912062
0.913011
0.914006
0.904338
0.863716
0.904534
0.907227
0.904173
0.90175
0.916179
0.891659
0.90955
0.902583
0.90246
0.917351
0.899999
0.886305
0.895256
0.891535
0.890008
0.899214
0.915372
0.906722
0.879555
0.91475
0.914845
0.901636
0.912388
0.888487
0.904344
0.910921
0.904664
0.909898
0.891111
0.900647
0.916985
0.900663
0.912731
0.930857
0.903051
0.90436
0.90884
0.921138
0.892164
0.912381
0.908349
0.915076
0.898925
0.911337
0.997368
0.902071
0.900546
0.912073
0.890026
0.901182
0.901067
0.904391
0.894356
0.895435
0.925831
0.918071
0.915418
0.910198
0.907962
0.898859
0.888119
0.912057
0.891374
0.88954
0.921477
0.919165
0.919681
0.899331
0.906261
0.894957
0.894543
0.901741
0.907663
0.904811
0.91993
0.900866
0.886742
0.894925
0.91048
0.906588
0.891089
0.923372
0.905572
0.894954
0.875785
0.903114
0.922717
0.903862
0.907521
0.921145
0.90947
0.905321
0.897318
0.900759
0.882312
0.915275
0.917803
0.895553
0.900847
0.896436
0.908612
0.912305
0.906259
0.903813
0.900636
0.89165
0.89176
0.888521
0.906039
0.922861
0.909643
0.899364
0.913617
0.906797
0.907458
0.893827
0.88722
0.8976
0.885495
0.90556
0.900609
0.900938
0.913492
0.911616
0.899542
0.913688
0.907727
0.89311
0.912799
0.909874
0.915827
0.923954
0.903303
0.90143
0.901621
0.90676
0.90726
0.90557
0.889389
0.929499
0.907081
0.89721
0.899256
0.91257
0.902071
0.999839
0.892401
0.903453
0.901053
0.895417
0.898616
0.889068
0.905739
0.919143
0.910139
0.896465
0.921299
0.910884
0.898731
0.900466
0.920032
0.918501
0.908224
0.922338
0.900366
0.90431
0.90097
0.904133
0.907983
0.924877
0.906511
0.905261
0.901629
0.892743
0.920992
0.889987
0.898817
0.909479
0.914316
0.922767
0.898715
0.910482
0.913472
0.902365
0.896619
0.919069
0.920048
0.896682
0.892168
0.888544
0.903029
0.900132
0.904786
0.911171
0.909205
0.921148
0.915091
0.920092
0.91149
0.889087
0.916408
0.910404
0.898246
0.902826
0.904882
0.896117
0.89202
0.904287
0.892026
0.896945
0.919657
0.889989
0.89974
0.904345
0.908741
0.882213
0.902046
0.905077
0.904774
0.911886
0.900324
0.8847
0.90852
0.879738
0.899128
0.894402
0.904556
0.87354
0.895256
0.908542
0.898945
0.905669
0.899843
0.90311
0.899242
0.913744
0.901179
0.905208
0.886549
0.90291
0.901665
0.898963
0.899315
0.910452
0.900546
0.892401
0.999675
0.899364
0.900314
0.889296
0.88418
0.871141
0.897627
0.888311
0.921503
0.909357
0.919655
0.906965
0.882585
0.892558
0.914629
0.899728
0.891723
0.9171
0.902946
0.904206
0.906583
0.89084
0.890594
0.901768
0.899852
0.895463
0.926213
0.892244
0.902778
0.905288
0.903162
0.900339
0.911228
0.920146
0.922472
0.918503
0.906836
0.897806
0.903506
0.898997
0.907744
0.902612
0.902127
0.900308
0.918703
0.902334
0.903355
0.876858
0.911777
0.905535
0.921417
0.899441
0.881077
0.898164
0.903486
0.89955
0.892286
0.901942
0.894742
0.901405
0.910048
0.911583
0.8928
0.909269
0.907438
0.88637
0.910872
0.916341
0.918859
0.905905
0.916332
0.907048
0.888525
0.903758
0.900733
0.897861
0.915319
0.900238
0.897759
0.90108
0.88979
0.891757
0.901413
0.903264
0.908273
0.906184
0.906679
0.902563
0.880145
0.903522
0.905337
0.909043
0.884697
0.915826
0.91971
0.909947
0.913202
0.8962
0.912073
0.903453
0.899364
0.983094
0.90479
0.89712
0.889114
0.881584
0.89435
0.890406
0.910359
0.89885
0.906994
0.911816
0.904547
0.912672
0.918
0.907885
0.888026
0.901138
0.903828
0.897327
0.911096
0.897269
0.899077
0.903146
0.901421
0.895997
0.900418
0.886131
0.897025
0.902912
0.904727
0.868068
0.89673
0.897068
0.907698
0.890365
0.920291
0.891181
0.884198
0.913051
0.907405
0.909544
0.901374
0.912574
0.899006
0.904209
0.902777
0.921058
0.894216
0.913939
0.905516
0.916716
0.897669
0.876434
0.902836
0.894575
0.918242
0.890904
0.88583
0.914891
0.888055
0.887079
0.911866
0.904551
0.906412
0.900106
0.903497
0.910556
0.906037
0.903417
0.902368
0.89256
0.885848
0.898661
0.920677
0.904715
0.913776
0.883496
0.925596
0.90316
0.909034
0.910102
0.908991
0.906405
0.920351
0.905655
0.878768
0.918585
0.880163
0.913449
0.896536
0.898923
0.896649
0.894459
0.900085
0.912357
0.901061
0.903481
0.890026
0.901053
0.900314
0.90479
0.989171
0.875943
0.897029
0.891995
0.910737
0.91096
0.911733
0.906054
0.911732
0.926364
0.907703
0.888428
0.914593
0.918387
0.895911
0.897188
0.898535
0.884107
0.90801
0.904463
0.920899
0.878807
0.908883
0.900727
0.890406
0.90369
0.888859
0.870689
0.883324
0.896073
0.902722
0.902635
0.892581
0.908302
0.895777
0.895521
0.882559
0.901921
0.904336
0.906597
0.89662
0.903939
0.885535
0.895661
0.907872
0.885578
0.873572
0.901589
0.891681
0.900166
0.87985
0.857176
0.90781
0.895259
0.89069
0.884248
0.902364
0.890936
0.888831
0.896612
0.901697
0.875987
0.898983
0.89073
0.878738
0.894066
0.889192
0.891759
0.884689
0.898114
0.884454
0.894058
0.874383
0.874925
0.886231
0.897001
0.9075
0.886591
0.883967
0.897515
0.904355
0.897343
0.906096
0.89858
0.881168
0.893266
0.877864
0.893583
0.874489
0.898213
0.892498
0.917086
0.907262
0.897136
0.8925
0.903373
0.901182
0.895417
0.889296
0.89712
0.875943
0.940336
0.886603
0.884856
0.901522
0.883148
0.887937
0.889942
0.888818
0.885849
0.891655
0.870895
0.898987
0.87134
0.887845
0.895574
0.899585
0.909287
0.919233
0.895401
0.900102
0.884295
0.901703
0.891246
0.894786
0.881752
0.898809
0.915143
0.894517
0.878064
0.893024
0.897652
0.9025
0.897619
0.88797
0.903263
0.888602
0.901121
0.894117
0.86786
0.901368
0.900169
0.896857
0.899869
0.892382
0.904436
0.897108
0.901367
0.910004
0.902841
0.901398
0.882588
0.879361
0.89319
0.886931
0.876916
0.902978
0.89941
0.898039
0.89261
0.891717
0.90187
0.88326
0.87653
0.90023
0.893226
0.899393
0.896916
0.907556
0.894514
0.896136
0.909474
0.890325
0.903381
0.900973
0.903175
0.885919
0.883957
0.904836
0.891395
0.88887
0.893602
0.895522
0.896894
0.896037
0.894519
0.888041
0.892218
0.882205
0.898996
0.89411
0.88958
0.898021
0.899533
0.895514
0.905536
0.901067
0.898616
0.88418
0.889114
0.897029
0.886603
0.986636
0.885659
0.887523
0.891478
0.908329
0.896779
0.896739
0.890235
0.885172
0.885026
0.895014
0.900984
0.879489
0.892482
0.892119
0.870109
0.909694
0.902086
0.904393
0.873126
0.895035
0.901761
0.908293
0.890965
0.903626
0.914723
0.883005
0.891431
0.89793
0.905094
0.905386
0.891324
0.893397
0.873792
0.871383
0.89103
0.895206
0.883508
0.879053
0.913547
0.891625
0.890701
0.899639
0.899472
0.877364
0.892241
0.900364
0.896919
0.893843
0.86335
0.8912
0.882356
0.885998
0.897217
0.900288
0.878298
0.905247
0.881604
0.909934
0.899538
0.898828
0.893524
0.878331
0.907367
0.888664
0.881458
0.892059
0.890426
0.886885
0.890577
0.887236
0.888712
0.891029
0.902846
0.869952
0.891729
0.912263
0.882885
0.891142
0.901572
0.900036
0.885525
0.877672
0.903056
0.874859
0.901698
0.884314
0.903071
0.894899
0.906624
0.90082
0.89327
0.899872
0.906112
0.904391
0.889068
0.871141
0.881584
0.891995
0.884856
0.885659
0.960248
0.899125
0.890324
0.913211
0.905401
0.905301
0.885051
0.907111
0.899025
0.91018
0.886279
0.879005
0.91193
0.89428
0.905155
0.908945
0.910542
0.935939
0.909427
0.900854
0.891653
0.907731
0.898061
0.896851
0.906718
0.902822
0.897992
0.896894
0.904783
0.917604
0.918216
0.880379
0.897709
0.895966
0.915687
0.915046
0.89151
0.903623
0.914508
0.90141
0.913052
0.906985
0.905228
0.892801
0.914268
0.902051
0.889326
0.922861
0.904541
0.902875
0.871768
0.915414
0.89907
0.896617
0.90536
0.915009
0.900899
0.882587
0.900882
0.913978
0.890486
0.907362
0.900832
0.906122
0.903834
0.904171
0.908944
0.888864
0.919098
0.914361
0.911109
0.916221
0.912429
0.920856
0.909673
0.921942
0.910393
0.908771
0.890694
0.911657
0.915158
0.901249
0.900263
0.903018
0.90562
0.9161
0.91286
0.898628
0.919017
0.901935
0.909377
0.904167
0.908646
0.894356
0.905739
0.897627
0.89435
0.910737
0.901522
0.887523
0.899125
0.993884
0.901572
0.914057
0.906501
0.916568
0.910272
0.895998
0.882461
0.913635
0.901816
0.894951
0.90251
0.917107
0.889067
0.92076
0.897667
0.902943
0.916911
0.911224
0.907967
0.912256
0.892682
0.907537
0.911797
0.898173
0.88725
0.908065
0.902677
0.91767
0.89829
0.906348
0.906714
0.885267
0.914982
0.903012
0.907198
0.897971
0.912374
0.907075
0.896313
0.890035
0.90295
0.906038
0.903686
0.901425
0.892915
0.898133
0.896988
0.912947
0.892512
0.888948
0.909431
0.902808
0.89643
0.911423
0.903125
0.911244
0.902722
0.893546
0.892961
0.899351
0.90609
0.892591
0.913126
0.903357
0.887334
0.913833
0.919895
0.900688
0.904796
0.901932
0.923201
0.916276
0.896531
0.912305
0.91836
0.915074
0.901659
0.911073
0.901898
0.888059
0.907311
0.866729
0.888349
0.911048
0.912335
0.892388
0.908431
0.895804
0.899741
0.897044
0.904221
0.895435
0.919143
0.888311
0.890406
0.91096
0.883148
0.891478
0.890324
0.901572
0.997102
0.908239
0.903138
0.905672
0.903079
0.923272
0.898274
0.901593
0.891147
0.878962
0.915817
0.890835
0.907915
0.902558
0.912521
0.91903
0.891646
0.904072
0.9069
0.918202
0.894043
0.906095
0.928183
0.912049
0.904385
0.902266
0.917305
0.929544
0.917132
0.923687
0.904211
0.905104
0.919939
0.928068
0.91343
0.915998
0.912391
0.922414
0.90472
0.896365
0.918225
0.889356
0.910789
0.913139
0.909927
0.905403
0.893964
0.919488
0.899094
0.897962
0.904453
0.90392
0.896672
0.895344
0.898441
0.919201
0.898663
0.907379
0.91353
0.907603
0.895236
0.901519
0.901054
0.920634
0.911673
0.890911
0.916654
0.908092
0.901987
0.910694
0.910704
0.90493
0.909042
0.909426
0.903715
0.905132
0.896258
0.922647
0.920486
0.882258
0.907116
0.902677
0.902015
0.902169
0.893116
0.904471
0.913065
0.928044
0.921454
0.912967
0.924853
0.925831
0.910139
0.921503
0.910359
0.911733
0.887937
0.908329
0.913211
0.914057
0.908239
0.992408
0.906064
0.910595
0.918275
0.910257
0.889835
0.904786
0.90994
0.898961
0.921528
0.912987
0.897302
0.904733
0.912289
0.890807
0.904179
0.903445
0.900796
0.91602
0.900386
0.922433
0.907771
0.902454
0.897128
0.90399
0.898688
0.917644
0.911861
0.897354
0.895296
0.899356
0.891397
0.917134
0.903047
0.906031
0.906638
0.908268
0.914108
0.904598
0.915109
0.902729
0.917034
0.908345
0.904794
0.903803
0.887715
0.894919
0.895543
0.890013
0.924284
0.896163
0.906023
0.925712
0.88922
0.92282
0.912956
0.909969
0.899561
0.904746
0.897396
0.929202
0.897546
0.891827
0.916925
0.88099
0.898292
0.906999
0.899992
0.915043
0.889896
0.924041
0.907261
0.905015
0.89101
0.901682
0.904063
0.906503
0.918479
0.907444
0.885926
0.896407
0.916476
0.892595
0.905735
0.893182
0.912841
0.911198
0.894456
0.89232
0.924816
0.918071
0.896465
0.909357
0.89885
0.906054
0.889942
0.896779
0.905401
0.906501
0.903138
0.906064
0.99913
0.922554
0.916379
0.887493
0.891681
0.91255
0.887147
0.877526
0.890644
0.909046
0.908322
0.917406
0.914622
0.930253
0.923168
0.914386
0.904334
0.925714
0.901458
0.908609
0.919916
0.901154
0.896254
0.906959
0.913604
0.927407
0.917251
0.906901
0.887944
0.907134
0.915595
0.930004
0.920661
0.890448
0.926405
0.93567
0.920197
0.922285
0.916307
0.902131
0.908051
0.91632
0.916644
0.912113
0.918917
0.907246
0.905924
0.897761
0.898966
0.916676
0.897975
0.915673
0.886148
0.920957
0.931056
0.901493
0.899345
0.921592
0.907678
0.94194
0.908563
0.91069
0.900246
0.89078
0.915368
0.881862
0.923268
0.921302
0.911401
0.912255
0.909006
0.924205
0.896229
0.915048
0.895041
0.914862
0.920233
0.903903
0.903096
0.90683
0.918386
0.901095
0.920464
0.905761
0.911535
0.924364
0.903052
0.917073
0.917362
0.915418
0.921299
0.919655
0.906994
0.911732
0.888818
0.896739
0.905301
0.916568
0.905672
0.910595
0.922554
0.99936
0.916002
0.891814
0.889299
0.915169
0.907154
0.890681
0.911055
0.904288
0.921235
0.915342
0.922757
0.914621
0.89992
0.930035
0.911108
0.910299
0.902137
0.91662
0.903707
0.917894
0.887472
0.920073
0.921592
0.904912
0.907967
0.908331
0.904118
0.904684
0.896533
0.917579
0.920464
0.886526
0.928231
0.920356
0.913419
0.910096
0.929562
0.902555
0.909945
0.901146
0.918462
0.923394
0.890478
0.905917
0.91454
0.902682
0.899414
0.911986
0.906886
0.922823
0.909232
0.915864
0.913443
0.918572
0.905307
0.91023
0.919669
0.918022
0.914999
0.90199
0.924899
0.892304
0.912408
0.924701
0.913988
0.911176
0.902527
0.912654
0.919741
0.915988
0.920499
0.911252
0.916378
0.921265
0.915085
0.89957
0.90476
0.891838
0.913333
0.913522
0.904804
0.910361
0.9215
0.906096
0.913194
0.913198
0.923052
0.910198
0.910884
0.906965
0.911816
0.926364
0.885849
0.890235
0.885051
0.910272
0.903079
0.918275
0.916379
0.916002
0.996523
0.902403
0.9031
0.913016
0.91309
0.903122
0.921662
0.906328
0.895738
0.918604
0.903594
0.919985
0.893231
0.906711
0.894932
0.901044
0.890825
0.905855
0.917417
0.888952
0.887036
0.918389
0.895116
0.894578
0.894942
0.894485
0.888747
0.898427
0.914549
0.912841
0.899247
0.9036
0.900272
0.905238
0.906488
0.895574
0.897964
0.884842
0.902983
0.918796
0.912186
0.886693
0.891795
0.904588
0.902548
0.888754
0.890476
0.9043
0.898398
0.899544
0.897085
0.907476
0.882748
0.916834
0.887158
0.905998
0.89465
0.89286
0.88985
0.905176
0.90131
0.871755
0.913363
0.888961
0.891966
0.904277
0.897066
0.889146
0.904369
0.88869
0.908844
0.904732
0.91593
0.914235
0.903963
0.886358
0.894836
0.885526
0.898517
0.90328
0.889794
0.892196
0.910997
0.917917
0.901438
0.898454
0.904884
0.907962
0.898731
0.882585
0.904547
0.907703
0.891655
0.885172
0.907111
0.895998
0.923272
0.910257
0.887493
0.891814
0.902403
0.988457
0.883157
0.907178
0.89559
0.877365
0.901036
0.903035
0.91458
0.895739
0.894346
0.892824
0.902862
0.895687
0.883961
0.889666
0.897043
0.901686
0.902616
0.906583
0.89802
0.893759
0.889636
0.898897
0.911522
0.887181
0.874604
0.874856
0.900481
0.906355
0.915014
0.887448
0.901951
0.893561
0.886845
0.912625
0.890653
0.893438
0.904031
0.876588
0.903032
0.890621
0.863079
0.891179
0.899402
0.886021
0.89046
0.891999
0.904976
0.904784
0.893554
0.907384
0.888241
0.905266
0.899826
0.866683
0.898595
0.898717
0.891591
0.909651
0.884472
0.896809
0.899984
0.90075
0.887602
0.872422
0.901417
0.890006
0.90187
0.907469
0.896717
0.910854
0.906637
0.912588
0.900942
0.886906
0.896068
0.88862
0.891811
0.877523
0.907767
0.911252
0.883119
0.907843
0.899309
0.90615
0.899435
0.898859
0.900466
0.892558
0.912672
0.888428
0.870895
0.885026
0.899025
0.882461
0.898274
0.889835
0.891681
0.889299
0.9031
0.883157
0.954835
0.907545
0.886677
0.879463
0.89467
0.908064
0.899955
0.911735
0.900781
0.906354
0.906612
0.912688
0.903286
0.905678
0.903544
0.907417
0.916741
0.913527
0.897427
0.912427
0.911251
0.903109
0.916437
0.886207
0.904537
0.89982
0.911806
0.913395
0.91981
0.914085
0.91852
0.905453
0.905065
0.906301
0.895718
0.896308
0.924682
0.904583
0.894001
0.916748
0.888381
0.913191
0.899122
0.899737
0.892195
0.902491
0.912564
0.910531
0.900271
0.914308
0.901785
0.903721
0.89505
0.914958
0.898029
0.909666
0.905807
0.906047
0.901356
0.89963
0.891965
0.914381
0.908739
0.898049
0.916338
0.896425
0.908212
0.918945
0.892094
0.92475
0.901692
0.920352
0.908213
0.899729
0.926311
0.896642
0.912578
0.908206
0.92301
0.894834
0.918065
0.91941
0.910187
0.918509
0.911843
0.888119
0.920032
0.914629
0.918
0.914593
0.898987
0.895014
0.91018
0.913635
0.901593
0.904786
0.91255
0.915169
0.913016
0.907178
0.907545
0.999875
0.912999
0.888789
0.910715
0.915815
0.912782
0.913854
0.898995
0.91835
0.89559
0.894868
0.913005
0.905515
0.891825
0.876479
0.897001
0.890125
0.887288
0.909315
0.900459
0.901592
0.906082
0.910964
0.888214
0.902005
0.911043
0.911628
0.898837
0.90268
0.898151
0.912875
0.909963
0.894379
0.912225
0.912924
0.89714
0.913744
0.889853
0.930607
0.885962
0.896125
0.912538
0.898262
0.903647
0.907597
0.893299
0.900776
0.893369
0.896194
0.907539
0.908748
0.885364
0.900205
0.904255
0.92073
0.88537
0.901508
0.913634
0.888468
0.910527
0.908282
0.918285
0.902156
0.902446
0.904074
0.892162
0.876633
0.897596
0.900129
0.916185
0.90349
0.898889
0.901182
0.911121
0.892157
0.923425
0.87724
0.901134
0.89861
0.909243
0.892189
0.893635
0.906655
0.920848
0.912057
0.918501
0.899728
0.907885
0.918387
0.87134
0.900984
0.886279
0.901816
0.891147
0.90994
0.887147
0.907154
0.91309
0.89559
0.886677
0.912999
0.999415
0.897688
0.894332
0.901026
0.897579
0.903469
0.894177
0.899044
0.879373
0.885138
0.891356
0.894038
0.873127
0.895665
0.880391
0.896264
0.879042
0.886224
0.883663
0.875286
0.883764
0.893684
0.876515
0.873611
0.884663
0.89188
0.879754
0.878757
0.887071
0.897737
0.902748
0.875037
0.909711
0.891277
0.885371
0.885995
0.888423
0.904555
0.878387
0.900572
0.901284
0.888631
0.86466
0.879083
0.890972
0.899076
0.889027
0.896903
0.890617
0.887476
0.859091
0.890969
0.885358
0.883221
0.878013
0.88104
0.887994
0.880436
0.892202
0.893293
0.892011
0.879054
0.884392
0.900952
0.8808
0.882257
0.900998
0.886525
0.895951
0.893205
0.901056
0.868824
0.893735
0.871908
0.891802
0.88305
0.904447
0.867435
0.889592
0.892645
0.882416
0.885964
0.884995
0.891374
0.908224
0.891723
0.888026
0.895911
0.887845
0.879489
0.879005
0.894951
0.878962
0.898961
0.877526
0.890681
0.903122
0.877365
0.879463
0.888789
0.897688
0.966473
0.893721
0.878201
0.907769
0.898755
0.916306
0.90669
0.91901
0.899126
0.911866
0.917761
0.895218
0.913092
0.904181
0.905539
0.902262
0.916134
0.907302
0.919264
0.917725
0.918046
0.906509
0.90875
0.900691
0.917519
0.902258
0.887653
0.91676
0.905353
0.897847
0.896794
0.914714
0.891205
0.917567
0.883409
0.92572
0.904279
0.901325
0.910326
0.913658
0.886315
0.900335
0.91007
0.91172
0.913589
0.906332
0.899979
0.910982
0.911317
0.91529
0.915126
0.928104
0.926726
0.899915
0.914628
0.927242
0.892785
0.904391
0.892898
0.899247
0.913794
0.913406
0.924104
0.902067
0.912566
0.901794
0.911228
0.913031
0.922638
0.918086
0.899638
0.916452
0.888237
0.919591
0.897557
0.926253
0.90787
0.902786
0.902057
0.910613
0.908499
0.910181
0.88954
0.922338
0.9171
0.901138
0.897188
0.895574
0.892482
0.91193
0.90251
0.915817
0.921528
0.890644
0.911055
0.921662
0.901036
0.89467
0.910715
0.894332
0.893721
0.993521
0.899988
0.893821
0.904573
0.911992
0.902516
0.892324
0.898493
0.916936
0.913344
0.889273
0.912911
0.910045
0.913734
0.906521
0.910843
0.920588
0.907227
0.906255
0.893464
0.896311
0.905176
0.913523
0.936647
0.923942
0.886694
0.918451
0.906798
0.909892
0.909175
0.905568
0.904148
0.914984
0.919853
0.903949
0.913302
0.899698
0.920285
0.909488
0.89263
0.915423
0.926456
0.906815
0.908577
0.885381
0.912655
0.883537
0.913432
0.884169
0.899186
0.900736
0.902764
0.888414
0.912678
0.909741
0.899948
0.907444
0.908129
0.895258
0.901706
0.904563
0.909315
0.881273
0.884939
0.924012
0.910951
0.905152
0.926829
0.917468
0.893621
0.902473
0.909318
0.9143
0.909778
0.911832
0.901091
0.913911
0.914972
0.909885
0.902969
0.904027
0.921477
0.900366
0.902946
0.903828
0.898535
0.899585
0.892119
0.89428
0.917107
0.890835
0.912987
0.909046
0.904288
0.906328
0.903035
0.908064
0.915815
0.901026
0.878201
0.899988
0.989034
